voronoiNoise_10_Diagram_001	0,0121906627222400	0,370301438561000	28,0092592592593
voronoiNoise_10_Diagram_002	0,0190102232132300	0,362562940114000	37,0629370629371
voronoiNoise_10_Diagram_003	0,0254008836539700	0,356723766311000	45,3051643192488
voronoiNoise_10_Diagram_004	0,0323061838406100	0,347662939096000	48,4633569739953
voronoiNoise_10_Diagram_005	0,0328153913375500	0,349116247431000	47,2813238770686
voronoiNoise_10_Diagram_006	0,0327350666622800	0,350232020085000	47,7541371158392
voronoiNoise_10_Diagram_007	0,0336295689472550	0,348336084361000	50,2358490566038
voronoiNoise_10_Diagram_008	0,0339946725883050	0,350549654532000	50,2358490566038
voronoiNoise_10_Diagram_009	0,0338692992623700	0,350010974014000	52,1226415094340
voronoiNoise_10_Diagram_010	0,0373273095631500	0,347110422191000	53,5377358490566
voronoiNoise_10_Diagram_011	0,0382744429058350	0,346078918131000	54,9528301886792
voronoiNoise_10_Diagram_012	0,0389211020365150	0,346030262913000	53,0660377358491
voronoiNoise_10_Diagram_013	0,0389746668202550	0,344589813158000	53,5377358490566
voronoiNoise_10_Diagram_014	0,0390513401715750	0,345686748153000	55,6603773584906
voronoiNoise_10_Diagram_015	0,0401880120763450	0,345057513068000	57,0754716981132
voronoiNoise_10_Diagram_016	0,0431167846286150	0,341880657604000	58,2547169811321
voronoiNoise_10_Diagram_017	0,0448612557929100	0,339489028753000	60,1415094339623
voronoiNoise_10_Diagram_018	0,0442280458007150	0,341137778136000	60,8490566037736
voronoiNoise_10_Diagram_019	0,0435209979159850	0,341345988824000	61,0849056603774
voronoiNoise_10_Diagram_020	0,0442792868407650	0,339512101413000	60,8490566037736
voronoiNoise_10_Diagram_030	0,0490023932990350	0,334086687516000	65,4846335697399
voronoiNoise_10_Diagram_040	0,0523684431238600	0,331041600980000	72,1040189125296
voronoiNoise_10_Diagram_050	0,0547954516752050	0,327261781024000	71,8676122931442
voronoiNoise_10_Diagram_060	0,0566785577979450	0,326463040065000	72,3404255319149
voronoiNoise_10_Diagram_070	0,0568238919751500	0,324587451419000	73,2860520094563
voronoiNoise_10_Diagram_080	0,0576603012442200	0,323463472617000	72,8132387706856
voronoiNoise_10_Diagram_090	0,0603834503163650	0,320461241353000	76,3593380614657
voronoiNoise_10_Diagram_100	0,0640581797205200	0,316152408306000	77,0685579196218
voronoiNoise_10_Diagram_200	0,0683250528133200	0,310152249311000	79,3838862559242
voronoiNoise_10_Diagram_300	0,0746081362653450	0,301714245800000	82,2274881516588
voronoiNoise_10_Diagram_400	0,0784610592708900	0,297659144967000	83,4123222748815
voronoiNoise_10_Diagram_500	0,0767924994615750	0,299799333367000	85,5106888361045
voronoiNoise_10_Diagram_600	0,0750084472439050	0,300967388439000	84,5605700712589
voronoiNoise_10_Diagram_700	0,0751371451392100	0,301192678805000	84,3230403800475
voronoiNoise_11_Diagram_001	0,0147893131779300	0,365716477933000	27,1428571428571
voronoiNoise_11_Diagram_002	0,0185016418797500	0,363194257355000	34,4418052256532
voronoiNoise_11_Diagram_003	0,0223985934675600	0,361748466097000	40,9523809523810
voronoiNoise_11_Diagram_004	0,0286098340369950	0,354529077115000	46,3007159904535
voronoiNoise_11_Diagram_005	0,0324751316091150	0,350811233251000	48,6873508353222
voronoiNoise_11_Diagram_006	0,0337566083561100	0,349476981894000	51,6666666666667
voronoiNoise_11_Diagram_007	0,0346218076713650	0,350199403793000	52,7446300715990
voronoiNoise_11_Diagram_008	0,0372739407029650	0,348498048290000	54,0476190476190
voronoiNoise_11_Diagram_009	0,0380947778757150	0,347329912969000	57,3809523809524
voronoiNoise_11_Diagram_010	0,0367839707133400	0,349890152110000	55,1312649164678
voronoiNoise_11_Diagram_011	0,0376046557805350	0,348041085783000	58,4725536992840
voronoiNoise_11_Diagram_012	0,0376375592949300	0,348334657092000	56,3245823389022
voronoiNoise_11_Diagram_013	0,0419500318942200	0,344346093728000	58,9498806682578
voronoiNoise_11_Diagram_014	0,0416602216676050	0,344581689159000	57,9952267303103
voronoiNoise_11_Diagram_015	0,0438622614687050	0,341912336128000	58,8516746411483
voronoiNoise_11_Diagram_016	0,0417837343668500	0,344139164381000	58,6124401913876
voronoiNoise_11_Diagram_017	0,0419965151798850	0,343113981924000	59,5693779904306
voronoiNoise_11_Diagram_018	0,0446372947654250	0,339655575795000	57,4162679425837
voronoiNoise_11_Diagram_019	0,0458729914851100	0,338120710425000	60,5263157894737
voronoiNoise_11_Diagram_020	0,0447346991014700	0,339738739754000	61,0047846889952
voronoiNoise_11_Diagram_030	0,0524582622015000	0,329148529360000	65,1551312649165
voronoiNoise_11_Diagram_040	0,0518585287190000	0,330856653610000	67,0644391408115
voronoiNoise_11_Diagram_050	0,0578085725932200	0,322658996035000	70,0956937799043
voronoiNoise_11_Diagram_060	0,0578966693092500	0,325333898580000	72,9665071770335
voronoiNoise_11_Diagram_070	0,0622332412569000	0,318857085453000	75,5395683453237
voronoiNoise_11_Diagram_080	0,0635549342387150	0,317462761652000	76,7386091127098
voronoiNoise_11_Diagram_090	0,0607741437090750	0,320463695744000	76,7386091127098
voronoiNoise_11_Diagram_100	0,0646271066144600	0,315572188339000	78,6570743405276
voronoiNoise_11_Diagram_200	0,0718006300940300	0,306067461285000	81,8181818181818
voronoiNoise_11_Diagram_300	0,0738190450367550	0,304725235590000	84,4497607655502
voronoiNoise_11_Diagram_400	0,0735503086230700	0,304490166663000	85,4066985645933
voronoiNoise_11_Diagram_500	0,0745499806657850	0,304345784719000	86,1575178997613
voronoiNoise_11_Diagram_600	0,0753014048320250	0,302897398093000	86,1575178997613
voronoiNoise_11_Diagram_700	0,0781022366387050	0,298763462584000	86,3961813842482
voronoiNoise_12_Diagram_001	0,0139738681322350	0,371075779496000	28,2238442822384
voronoiNoise_12_Diagram_002	0,0196985754011100	0,368779554570000	34,3750000000000
voronoiNoise_12_Diagram_003	0,0226617889521800	0,361619606161000	41,2048192771084
voronoiNoise_12_Diagram_004	0,0254898144771700	0,357249766206000	42,1686746987952
voronoiNoise_12_Diagram_005	0,0315512503623800	0,351810869437000	46,6183574879227
voronoiNoise_12_Diagram_006	0,0335604954049500	0,349649308993000	52,3002421307506
voronoiNoise_12_Diagram_007	0,0355976156896950	0,348807772300000	51,5738498789346
voronoiNoise_12_Diagram_008	0,0388959407416900	0,343389610701000	54,4794188861986
voronoiNoise_12_Diagram_009	0,0400505683644050	0,345502622726000	56,4164648910412
voronoiNoise_12_Diagram_010	0,0402527050957900	0,343214186423000	58,4541062801932
voronoiNoise_12_Diagram_011	0,0420415731893700	0,342165423967000	58,6956521739131
voronoiNoise_12_Diagram_012	0,0384330794312350	0,345924851034000	55,5555555555556
voronoiNoise_12_Diagram_013	0,0433677054486500	0,339597349469000	59,1787439613527
voronoiNoise_12_Diagram_014	0,0460082058355850	0,336334392557000	59,4202898550725
voronoiNoise_12_Diagram_015	0,0444620525401800	0,338821917155000	59,9033816425121
voronoiNoise_12_Diagram_016	0,0459602074632100	0,338352498140000	62,3188405797101
voronoiNoise_12_Diagram_017	0,0461828056382050	0,338311233246000	62,6506024096386
voronoiNoise_12_Diagram_018	0,0495713603748800	0,334997635687000	63,8554216867470
voronoiNoise_12_Diagram_019	0,0504520822927650	0,333497760131000	64,8192771084337
voronoiNoise_12_Diagram_020	0,0504270197926550	0,333147463107000	65,7831325301205
voronoiNoise_12_Diagram_030	0,0546256200187500	0,327990279400000	70,1204819277108
voronoiNoise_12_Diagram_040	0,0524455958976550	0,331691127815000	70,1204819277108
voronoiNoise_12_Diagram_050	0,0588979261395650	0,322766085598000	73,7349397590361
voronoiNoise_12_Diagram_060	0,0591144735836050	0,321580133327000	74,4578313253012
voronoiNoise_12_Diagram_070	0,0617478865161250	0,317423661104000	76,3855421686747
voronoiNoise_12_Diagram_080	0,0634000437726800	0,315108178122000	75,1807228915663
voronoiNoise_12_Diagram_090	0,0667974862961650	0,311882019680000	78,7951807228916
voronoiNoise_12_Diagram_100	0,0665450127906550	0,312160246245000	79,7590361445783
voronoiNoise_12_Diagram_200	0,0701735566637750	0,307749721388000	82,8915662650603
voronoiNoise_12_Diagram_300	0,0715115211119050	0,306771537494000	84,5783132530121
voronoiNoise_12_Diagram_400	0,0764670156286400	0,299353557310000	85,0961538461538
voronoiNoise_12_Diagram_500	0,0739622753831100	0,302535300389000	84,3750000000000
voronoiNoise_12_Diagram_600	0,0740406319467000	0,302434629946000	84,6153846153846
voronoiNoise_12_Diagram_700	0,0746550323822250	0,302224750609000	86,2980769230769
voronoiNoise_13_Diagram_001	0,0114937891286360	0,373324691003000	32,3809523809524
voronoiNoise_13_Diagram_002	0,0179860630470550	0,363909159891000	39,9527186761229
voronoiNoise_13_Diagram_003	0,0210606795770050	0,361213571911000	43,7054631828979
voronoiNoise_13_Diagram_004	0,0255707868961000	0,357031332361000	45,9330143540670
voronoiNoise_13_Diagram_005	0,0282039712071500	0,355358510927000	44,3914081145585
voronoiNoise_13_Diagram_006	0,0287759732161850	0,355318055624000	47,4940334128878
voronoiNoise_13_Diagram_007	0,0297203285038350	0,354223723307000	48,4486873508353
voronoiNoise_13_Diagram_008	0,0309135531025250	0,354128773058000	46,7780429594272
voronoiNoise_13_Diagram_009	0,0304528229449850	0,354421113134000	50
voronoiNoise_13_Diagram_010	0,0351979558124700	0,347200056008000	50,4784688995215
voronoiNoise_13_Diagram_011	0,0362414390689800	0,346961494445000	52,3923444976077
voronoiNoise_13_Diagram_012	0,0373372722117200	0,348800443947000	52,8708133971292
voronoiNoise_13_Diagram_013	0,0376369933110350	0,347596187263000	54,3062200956938
voronoiNoise_13_Diagram_014	0,0387355510510850	0,346052914729000	57,1770334928230
voronoiNoise_13_Diagram_015	0,0400549465198900	0,344222515215000	57,3141486810552
voronoiNoise_13_Diagram_016	0,0380235336253050	0,347520592419000	54,9160671462830
voronoiNoise_13_Diagram_017	0,0381053647743950	0,347491206925000	55,6354916067146
voronoiNoise_13_Diagram_018	0,0376379991075450	0,347400111167000	53,7170263788969
voronoiNoise_13_Diagram_019	0,0371548228501050	0,347697808222000	54,6762589928058
voronoiNoise_13_Diagram_020	0,0374034160574850	0,347502719891000	55,8752997601918
voronoiNoise_13_Diagram_030	0,0437735533070550	0,340864335745000	59,7122302158273
voronoiNoise_13_Diagram_040	0,0500395716091850	0,335520098026000	65,4676258992806
voronoiNoise_13_Diagram_050	0,0527046983883550	0,329934241524000	69,7841726618705
voronoiNoise_13_Diagram_060	0,0557480963820550	0,327555242410000	73,6211031175060
voronoiNoise_13_Diagram_070	0,0574159996788450	0,325701431688000	74,3405275779377
voronoiNoise_13_Diagram_080	0,0555833418781700	0,327056349031000	73,3812949640288
voronoiNoise_13_Diagram_090	0,0548009873475450	0,327562842433000	74,8201438848921
voronoiNoise_13_Diagram_100	0,0576281023130700	0,324738179535000	74,5803357314149
voronoiNoise_13_Diagram_200	0,0692729285773400	0,310563575657000	81,5347721822542
voronoiNoise_13_Diagram_300	0,0728002114560100	0,305686523728000	83,6538461538462
voronoiNoise_13_Diagram_400	0,0768825196990450	0,299627071997000	82,9326923076923
voronoiNoise_13_Diagram_500	0,0776697212648850	0,298732860504000	84,8557692307692
voronoiNoise_13_Diagram_600	0,0756781423486400	0,300571203239000	85,8173076923077
voronoiNoise_13_Diagram_700	0,0805280153714800	0,295223210047000	86,5384615384616
voronoiNoise_14_Diagram_001	0,0137551662228150	0,366898289724000	29,3427230046948
voronoiNoise_14_Diagram_002	0,0173874834049850	0,361872756162000	37,4407582938389
voronoiNoise_14_Diagram_003	0,0214685382961900	0,360657956808000	41,0926365795724
voronoiNoise_14_Diagram_004	0,0258200824132650	0,356001081988000	42,3809523809524
voronoiNoise_14_Diagram_005	0,0305607037597500	0,352813784215000	45,9523809523810
voronoiNoise_14_Diagram_006	0,0305721163579900	0,352050603088000	45,4761904761905
voronoiNoise_14_Diagram_007	0,0317276500151550	0,351115518726000	47,2684085510689
voronoiNoise_14_Diagram_008	0,0318470736378800	0,352197323077000	50,1193317422434
voronoiNoise_14_Diagram_009	0,0321081362874900	0,350406934206000	51,7899761336516
voronoiNoise_14_Diagram_010	0,0369661441415950	0,347564361054000	54,6539379474940
voronoiNoise_14_Diagram_011	0,0382618686678750	0,346271475039000	56,0859188544153
voronoiNoise_14_Diagram_012	0,0387268027894350	0,344773287438000	55,8472553699284
voronoiNoise_14_Diagram_013	0,0410460517617550	0,342578939025000	58,7112171837709
voronoiNoise_14_Diagram_014	0,0431024592036450	0,341145074872000	56,8019093078759
voronoiNoise_14_Diagram_015	0,0436693156029850	0,340202494660000	58,2338902147971
voronoiNoise_14_Diagram_016	0,0407700984127500	0,342765961549000	57,9952267303103
voronoiNoise_14_Diagram_017	0,0413856201210400	0,342572687318000	58,7112171837709
voronoiNoise_14_Diagram_018	0,0435754199586050	0,341555157195000	58,4725536992840
voronoiNoise_14_Diagram_019	0,0459825385725700	0,337296928739000	60,6205250596659
voronoiNoise_14_Diagram_020	0,0473973069040400	0,335246353592000	62,5298329355609
voronoiNoise_14_Diagram_030	0,0515118054697750	0,332929176091000	65,5502392344498
voronoiNoise_14_Diagram_040	0,0523592735703550	0,331526561484000	66,9856459330144
voronoiNoise_14_Diagram_050	0,0605452131580350	0,319281531541000	73,4449760765550
voronoiNoise_14_Diagram_060	0,0629778700829050	0,317270834513000	72,9665071770335
voronoiNoise_14_Diagram_070	0,0637416524875750	0,316193771243000	74,7016706443914
voronoiNoise_14_Diagram_080	0,0641629231080700	0,316396203297000	75,8949880668258
voronoiNoise_14_Diagram_090	0,0621331413755150	0,319250348605000	75,5980861244019
voronoiNoise_14_Diagram_100	0,0640521966001700	0,316409296176000	75,5980861244019
voronoiNoise_14_Diagram_200	0,0675343225345050	0,312062477978000	77,9904306220096
voronoiNoise_14_Diagram_300	0,0773579641447650	0,298714166488000	85,4066985645933
voronoiNoise_14_Diagram_400	0,0788429467373200	0,296521692291000	85,1674641148325
voronoiNoise_14_Diagram_500	0,0820238410692300	0,292856527890000	85,4066985645933
voronoiNoise_14_Diagram_600	0,0877528432909150	0,285885501801000	87,0813397129187
voronoiNoise_14_Diagram_700	0,0915019288241000	0,281655823255000	87,7990430622010
voronoiNoise_15_Diagram_001	0,0145609986837800	0,371939201898000	25,8215962441315
voronoiNoise_15_Diagram_002	0,0145584647665410	0,364192972564000	33,4894613583138
voronoiNoise_15_Diagram_003	0,0200683708106650	0,359233762834000	45,6674473067916
voronoiNoise_15_Diagram_004	0,0234544940232050	0,359223406442000	46,6042154566745
voronoiNoise_15_Diagram_005	0,0263054275330400	0,356760731339000	50,3512880562061
voronoiNoise_15_Diagram_006	0,0256025799299650	0,356592780102000	55,3990610328639
voronoiNoise_15_Diagram_007	0,0294206895914150	0,354143722864000	57,7464788732394
voronoiNoise_15_Diagram_008	0,0323073916579250	0,351398555098000	55,8685446009390
voronoiNoise_15_Diagram_009	0,0336834104882700	0,349993283860000	56,0000000000000
voronoiNoise_15_Diagram_010	0,0352627285593650	0,349865682600000	55,2941176470588
voronoiNoise_15_Diagram_011	0,0344299975771450	0,349633013093000	55,2941176470588
voronoiNoise_15_Diagram_012	0,0349400087650600	0,349456241372000	56,1320754716981
voronoiNoise_15_Diagram_013	0,0374574114503450	0,345576042049000	58,6288416075650
voronoiNoise_15_Diagram_014	0,0409865705029600	0,343137372029000	60,9929078014184
voronoiNoise_15_Diagram_015	0,0427580425205000	0,340752269247000	62,1749408983452
voronoiNoise_15_Diagram_016	0,0420082278644050	0,340900367076000	61,2293144208038
voronoiNoise_15_Diagram_017	0,0431877947496650	0,340832350468000	61,2293144208038
voronoiNoise_15_Diagram_018	0,0436635290312650	0,338818392716000	62,1749408983452
voronoiNoise_15_Diagram_019	0,0443327117115650	0,338290655020000	63,1205673758865
voronoiNoise_15_Diagram_020	0,0422532424062400	0,341567273328000	62,4113475177305
voronoiNoise_15_Diagram_030	0,0495558616248400	0,332694433417000	66,5876777251185
voronoiNoise_15_Diagram_040	0,0532740830277700	0,328411997943000	68,9573459715640
voronoiNoise_15_Diagram_050	0,0512335545470800	0,331132005639000	70,7838479809976
voronoiNoise_15_Diagram_060	0,0540753412904300	0,326961875406000	72,9216152019002
voronoiNoise_15_Diagram_070	0,0567378496775050	0,324227175149000	74,1092636579572
voronoiNoise_15_Diagram_080	0,0563793374096100	0,325008981547000	74,5843230403801
voronoiNoise_15_Diagram_090	0,0587952126806650	0,321890342360000	75,0593824228028
voronoiNoise_15_Diagram_100	0,0616873270904500	0,318697481418000	75,7719714964371
voronoiNoise_15_Diagram_200	0,0650631279595350	0,313868351831000	82,4228028503563
voronoiNoise_15_Diagram_300	0,0691843955041550	0,308174969544000	83,8479809976247
voronoiNoise_15_Diagram_400	0,0718269129793350	0,305776885522000	86,2232779097387
voronoiNoise_15_Diagram_500	0,0703721649552550	0,307423808530000	85,5106888361045
voronoiNoise_15_Diagram_600	0,0741282574618850	0,302497913637000	86,9358669833729
voronoiNoise_15_Diagram_700	0,0730429822285700	0,303814629468000	87,4109263657957
voronoiNoise_16_Diagram_001	0,0140643501089950	0,363734581300000	31,6037735849057
voronoiNoise_16_Diagram_002	0,0187894701911850	0,360259914993000	38,8489208633094
voronoiNoise_16_Diagram_003	0,0228614858334300	0,357884555333000	43,7799043062201
voronoiNoise_16_Diagram_004	0,0257226498941150	0,355618128293000	47,1291866028708
voronoiNoise_16_Diagram_005	0,0250910785852350	0,356445658440000	44,8441247002398
voronoiNoise_16_Diagram_006	0,0308323321872600	0,354170009425000	47,7218225419664
voronoiNoise_16_Diagram_007	0,0328419154670850	0,350336324473000	48,3173076923077
voronoiNoise_16_Diagram_008	0,0355311161555750	0,345943682902000	53,1250000000000
voronoiNoise_16_Diagram_009	0,0364838374269850	0,345495879761000	54,3269230769231
voronoiNoise_16_Diagram_010	0,0357224423638100	0,347258582270000	52,8846153846154
voronoiNoise_16_Diagram_011	0,0373156037050850	0,345582684652000	53,0120481927711
voronoiNoise_16_Diagram_012	0,0382464088645500	0,345072834750000	52,2891566265060
voronoiNoise_16_Diagram_013	0,0392913550364550	0,344344533908000	53,4939759036145
voronoiNoise_16_Diagram_014	0,0405290956135100	0,343381809687000	54,9397590361446
voronoiNoise_16_Diagram_015	0,0382500099222600	0,345689113677000	53,9759036144578
voronoiNoise_16_Diagram_016	0,0415332005088350	0,344288793069000	57,1084337349398
voronoiNoise_16_Diagram_017	0,0414984427539250	0,344267869312000	57,5903614457831
voronoiNoise_16_Diagram_018	0,0432545180881100	0,341465129327000	60
voronoiNoise_16_Diagram_019	0,0425043436384800	0,341750881592000	61,6867469879518
voronoiNoise_16_Diagram_020	0,0452412285654300	0,339681732885000	62,6506024096386
voronoiNoise_16_Diagram_030	0,0460343707429750	0,339537567343000	65,5421686746988
voronoiNoise_16_Diagram_040	0,0471487274274900	0,336646352953000	67,4698795180723
voronoiNoise_16_Diagram_050	0,0489812624966100	0,336292156334000	71,2560386473430
voronoiNoise_16_Diagram_060	0,0519870994409250	0,332603279305000	73,6714975845411
voronoiNoise_16_Diagram_070	0,0531989611486800	0,331720474457000	74,1545893719807
voronoiNoise_16_Diagram_080	0,0589398688073000	0,322060980657000	76,8115942028986
voronoiNoise_16_Diagram_090	0,0576466890333100	0,322646283545000	75,3623188405797
voronoiNoise_16_Diagram_100	0,0587558448230800	0,321645213100000	75,1207729468599
voronoiNoise_16_Diagram_200	0,0698499792941800	0,307993463829000	81,1594202898551
voronoiNoise_16_Diagram_300	0,0693954402891150	0,309005019624000	82,3671497584541
voronoiNoise_16_Diagram_400	0,0739852514523400	0,303834505272000	84,0579710144928
voronoiNoise_16_Diagram_500	0,0773450831235750	0,299302380712000	85,9903381642512
voronoiNoise_16_Diagram_600	0,0780571332868600	0,298607842494000	85,5072463768116
voronoiNoise_16_Diagram_700	0,0777190249986100	0,298006867939000	86,7149758454106
voronoiNoise_17_Diagram_001	0,0116130054384300	0,370527297586000	29,2740046838407
voronoiNoise_17_Diagram_002	0,0205261316694650	0,366516186039000	36,5566037735849
voronoiNoise_17_Diagram_003	0,0234863147971200	0,359123883979000	42,6886792452830
voronoiNoise_17_Diagram_004	0,0274739643012500	0,354291359365000	45,7345971563981
voronoiNoise_17_Diagram_005	0,0297245364659350	0,355292229891000	46,7933491686461
voronoiNoise_17_Diagram_006	0,0319151089731900	0,356211886541000	46,2085308056872
voronoiNoise_17_Diagram_007	0,0334503206997450	0,354166276578000	46,3182897862233
voronoiNoise_17_Diagram_008	0,0324745991252750	0,356816972832000	46,7780429594272
voronoiNoise_17_Diagram_009	0,0357442885348200	0,351584594604000	50,2392344497608
voronoiNoise_17_Diagram_010	0,0366718940316250	0,349891199224000	55,6354916067146
voronoiNoise_17_Diagram_011	0,0366418588709450	0,349956238164000	54,3062200956938
voronoiNoise_17_Diagram_012	0,0409868211748850	0,345683053370000	56,2200956937799
voronoiNoise_17_Diagram_013	0,0423695648653000	0,345301733382000	57,1770334928230
voronoiNoise_17_Diagram_014	0,0426722544282150	0,342307138193000	57,1770334928230
voronoiNoise_17_Diagram_015	0,0427793739926800	0,342285598074000	57,4162679425837
voronoiNoise_17_Diagram_016	0,0429996809455400	0,342030427777000	56,2200956937799
voronoiNoise_17_Diagram_017	0,0431151844143200	0,341443069984000	55,7416267942584
voronoiNoise_17_Diagram_018	0,0412400884639300	0,343962176946000	57,6555023923445
voronoiNoise_17_Diagram_019	0,0392273078568000	0,346518810138000	58,3732057416268
voronoiNoise_17_Diagram_020	0,0407085773746300	0,345975826069000	57,9952267303103
voronoiNoise_17_Diagram_030	0,0451063751459350	0,343234124864000	60,0478468899522
voronoiNoise_17_Diagram_040	0,0502383691503700	0,334239395839000	64,5083932853717
voronoiNoise_17_Diagram_050	0,0530723399499950	0,331484516408000	66,4268585131894
voronoiNoise_17_Diagram_060	0,0602874391616950	0,322315521154000	69,9519230769231
voronoiNoise_17_Diagram_070	0,0617420582423650	0,320571406070000	71,3942307692308
voronoiNoise_17_Diagram_080	0,0618430770436300	0,320754498855000	71,3942307692308
voronoiNoise_17_Diagram_090	0,0614103959354550	0,321376441906000	73,7980769230769
voronoiNoise_17_Diagram_100	0,0635444249109350	0,316780205668000	75,2403846153846
voronoiNoise_17_Diagram_200	0,0730321516755900	0,304499303706000	80,5288461538462
voronoiNoise_17_Diagram_300	0,0726123106792800	0,304511615168000	80,5288461538462
voronoiNoise_17_Diagram_400	0,0739186426124850	0,302572664140000	81,2500000000000
voronoiNoise_17_Diagram_500	0,0712299429353850	0,306357125656000	82,8915662650603
voronoiNoise_17_Diagram_600	0,0730715294595700	0,303883139963000	84,3373493975904
voronoiNoise_17_Diagram_700	0,0755280088203350	0,300459207611000	86,2650602409639
voronoiNoise_18_Diagram_001	0,0132782309153900	0,367497227978000	33,2552693208431
voronoiNoise_18_Diagram_002	0,0171034754892000	0,365721876513000	38,2422802850356
voronoiNoise_18_Diagram_003	0,0228984568470950	0,358261943211000	44,6043165467626
voronoiNoise_18_Diagram_004	0,0281956644003800	0,351892940016000	52,4038461538462
voronoiNoise_18_Diagram_005	0,0310069944299150	0,351894540039000	53,1250000000000
voronoiNoise_18_Diagram_006	0,0367897371047100	0,345882191541000	56,7307692307692
voronoiNoise_18_Diagram_007	0,0421881250088700	0,342380511581000	59,0361445783133
voronoiNoise_18_Diagram_008	0,0381196507552500	0,346001988800000	57,5539568345324
voronoiNoise_18_Diagram_009	0,0404138542814100	0,344747190372000	59,2326139088729
voronoiNoise_18_Diagram_010	0,0414689436641350	0,344273868336000	56,5947242206235
voronoiNoise_18_Diagram_011	0,0417735204458700	0,343127969466000	58,5131894484413
voronoiNoise_18_Diagram_012	0,0433912383600900	0,341628254519000	61,1510791366907
voronoiNoise_18_Diagram_013	0,0430368982759700	0,341613056768000	62,3501199040767
voronoiNoise_18_Diagram_014	0,0425622869438550	0,343141099945000	61,5384615384615
voronoiNoise_18_Diagram_015	0,0428233047440400	0,343472637856000	62,5000000000000
voronoiNoise_18_Diagram_016	0,0439340519066600	0,341032251715000	60,5769230769231
voronoiNoise_18_Diagram_017	0,0441853093846750	0,340324054407000	61,5384615384615
voronoiNoise_18_Diagram_018	0,0470385125057500	0,336916673082000	62,0192307692308
voronoiNoise_18_Diagram_019	0,0469440662630200	0,337477689871000	62,9807692307692
voronoiNoise_18_Diagram_020	0,0511379284526050	0,332351496795000	63,2211538461539
voronoiNoise_18_Diagram_030	0,0499059797511050	0,332565340553000	66,1057692307692
voronoiNoise_18_Diagram_040	0,0546622180652650	0,327641611008000	71,1538461538462
voronoiNoise_18_Diagram_050	0,0543836069927150	0,326925030989000	70,9134615384616
voronoiNoise_18_Diagram_060	0,0555617440020400	0,325842772459000	74,0384615384616
voronoiNoise_18_Diagram_070	0,0540356169462550	0,328462399222000	73,0769230769231
voronoiNoise_18_Diagram_080	0,0556145600202350	0,326021844632000	76,4423076923077
voronoiNoise_18_Diagram_090	0,0554834189628000	0,327006123559000	76,6826923076923
voronoiNoise_18_Diagram_100	0,0597399904688500	0,321255251392000	75,7211538461538
voronoiNoise_18_Diagram_200	0,0700612072133850	0,307052911595000	83,8554216867470
voronoiNoise_18_Diagram_300	0,0707545143866250	0,307763870252000	84,3373493975904
voronoiNoise_18_Diagram_400	0,0761093383250650	0,300673106173000	84,5783132530121
voronoiNoise_18_Diagram_500	0,0778530658500300	0,298266069037000	86,0240963855422
voronoiNoise_18_Diagram_600	0,0785560009476850	0,297284539358000	85,7831325301205
voronoiNoise_18_Diagram_700	0,0832113092424800	0,292618052730000	88,4337349397590
voronoiNoise_19_Diagram_001	0,0123273548044100	0,371199875807000	27,0983213429257
voronoiNoise_19_Diagram_002	0,0205927445530900	0,363373695059000	34,2105263157895
voronoiNoise_19_Diagram_003	0,0260435950733050	0,357512364893000	42,3444976076555
voronoiNoise_19_Diagram_004	0,0264100286322300	0,361415940378000	41,7874396135266
voronoiNoise_19_Diagram_005	0,0281298087224800	0,361877291134000	41,0628019323672
voronoiNoise_19_Diagram_006	0,0307500536806500	0,354167926908000	44,0963855421687
voronoiNoise_19_Diagram_007	0,0316417748956950	0,355061176925000	46,9879518072289
voronoiNoise_19_Diagram_008	0,0336006762766200	0,353409298441000	50,6024096385542
voronoiNoise_19_Diagram_009	0,0349784287435600	0,350627575076000	51,5662650602410
voronoiNoise_19_Diagram_010	0,0337226606251200	0,352835820753000	49,8795180722892
voronoiNoise_19_Diagram_011	0,0367636464654350	0,348265479086000	51,0843373493976
voronoiNoise_19_Diagram_012	0,0339222004413500	0,352775529645000	50,6024096385542
voronoiNoise_19_Diagram_013	0,0361093467255400	0,350935928894000	51,9230769230769
voronoiNoise_19_Diagram_014	0,0374117049444250	0,348510993777000	55,9036144578313
voronoiNoise_19_Diagram_015	0,0378505997590800	0,348674234733000	56,9711538461539
voronoiNoise_19_Diagram_016	0,0384319675808000	0,345509948165000	57,9326923076923
voronoiNoise_19_Diagram_017	0,0389956186830950	0,345601497916000	57,9326923076923
voronoiNoise_19_Diagram_018	0,0412264314344250	0,342744178143000	60,8173076923077
voronoiNoise_19_Diagram_019	0,0391244212511150	0,345000651077000	61,1510791366907
voronoiNoise_19_Diagram_020	0,0364921762146050	0,348587804961000	60,8173076923077
voronoiNoise_19_Diagram_030	0,0487958896803900	0,334853998375000	68,7500000000000
voronoiNoise_19_Diagram_040	0,0513239742841400	0,331283916721000	68,9903846153846
voronoiNoise_19_Diagram_050	0,0511686812991750	0,330859314644000	68,7500000000000
voronoiNoise_19_Diagram_060	0,0524964704482600	0,331131030334000	68,9903846153846
voronoiNoise_19_Diagram_070	0,0553535390304900	0,329106578781000	69,9519230769231
voronoiNoise_19_Diagram_080	0,0559429090951250	0,326430751139000	71,6346153846154
voronoiNoise_19_Diagram_090	0,0566109737484300	0,327576671394000	74,2788461538462
voronoiNoise_19_Diagram_100	0,0589106200734900	0,322840459849000	77,8846153846154
voronoiNoise_19_Diagram_200	0,0713819406295900	0,306179293127000	82,8915662650603
voronoiNoise_19_Diagram_300	0,0687418673742250	0,310071995219000	83,1325301204819
voronoiNoise_19_Diagram_400	0,0741405899547450	0,302514199217000	85,5421686746988
voronoiNoise_19_Diagram_500	0,0782084273885550	0,297740254763000	85,7487922705314
voronoiNoise_19_Diagram_600	0,0825870317891850	0,292409587695000	88,8888888888889
voronoiNoise_19_Diagram_700	0,0848095571285400	0,289137500439000	88,6473429951691
voronoiNoise_1_Diagram_001	0,0142957403461500	0,366895839730000	30,1662707838480
voronoiNoise_1_Diagram_002	0,0177797691215250	0,363323931385000	34,7721822541966
voronoiNoise_1_Diagram_003	0,0222029902986250	0,361038555562000	43,7799043062201
voronoiNoise_1_Diagram_004	0,0260340376948700	0,357422068126000	49,6402877697842
voronoiNoise_1_Diagram_005	0,0297082279042250	0,355038444797000	50,1204819277109
voronoiNoise_1_Diagram_006	0,0288736757310750	0,354189896061000	53,0120481927711
voronoiNoise_1_Diagram_007	0,0331208433352150	0,352524417558000	54,2168674698795
voronoiNoise_1_Diagram_008	0,0339190031448800	0,350855319082000	54,9397590361446
voronoiNoise_1_Diagram_009	0,0358647527830200	0,347634312438000	59,5180722891566
voronoiNoise_1_Diagram_010	0,0348413963135750	0,349251616880000	54,9397590361446
voronoiNoise_1_Diagram_011	0,0383176435797800	0,345279543528000	58,6538461538462
voronoiNoise_1_Diagram_012	0,0347491082605500	0,349390104698000	58,0722891566265
voronoiNoise_1_Diagram_013	0,0389477536078450	0,344812429967000	59,0361445783133
voronoiNoise_1_Diagram_014	0,0365419132308900	0,347897325376000	60,4316546762590
voronoiNoise_1_Diagram_015	0,0391957980855900	0,344823949185000	60,9112709832134
voronoiNoise_1_Diagram_016	0,0386101797471600	0,345269436830000	61,6306954436451
voronoiNoise_1_Diagram_017	0,0402865320071750	0,344948489926000	62,1103117505995
voronoiNoise_1_Diagram_018	0,0426312953245900	0,342567514459000	62,5899280575540
voronoiNoise_1_Diagram_019	0,0432962663418700	0,340885713312000	64,0287769784173
voronoiNoise_1_Diagram_020	0,0433417195497250	0,340473786354000	64,2685851318945
voronoiNoise_1_Diagram_030	0,0428621048238750	0,341290088564000	64,9880095923261
voronoiNoise_1_Diagram_040	0,0501874331624350	0,333807555683000	69,3045563549161
voronoiNoise_1_Diagram_050	0,0590888795731450	0,322658842298000	73,1414868105516
voronoiNoise_1_Diagram_060	0,0534760221857650	0,329238234854000	70,5035971223022
voronoiNoise_1_Diagram_070	0,0563333050369800	0,324858903805000	74,1007194244604
voronoiNoise_1_Diagram_080	0,0584016984060250	0,322491048914000	73,6211031175060
voronoiNoise_1_Diagram_090	0,0621321051335350	0,318498669067000	75,8373205741627
voronoiNoise_1_Diagram_100	0,0627604846273850	0,317146562859000	77,7511961722488
voronoiNoise_1_Diagram_200	0,0735468993274550	0,303152664737000	83,4928229665072
voronoiNoise_1_Diagram_300	0,0693971087224400	0,308588110314000	82,7751196172249
voronoiNoise_1_Diagram_400	0,0722801800533100	0,305942576109000	83,2535885167464
voronoiNoise_1_Diagram_500	0,0718420028393300	0,306483113990000	82,7751196172249
voronoiNoise_1_Diagram_600	0,0797192634157450	0,296453104018000	86,6028708133971
voronoiNoise_1_Diagram_700	0,0831847671978350	0,292377404372000	88,5167464114833
voronoiNoise_20_Diagram_001	0,0116683356210905	0,371817988495000	28,1323877068558
voronoiNoise_20_Diagram_002	0,0175960872762800	0,363095726119000	38,9150943396226
voronoiNoise_20_Diagram_003	0,0247339283652050	0,357869715612000	41,7452830188679
voronoiNoise_20_Diagram_004	0,0251194876436750	0,358552524195000	43,9429928741093
voronoiNoise_20_Diagram_005	0,0284280252914150	0,356382042916000	46,6666666666667
voronoiNoise_20_Diagram_006	0,0288995017751300	0,352878137366000	49,0476190476190
voronoiNoise_20_Diagram_007	0,0311415242336200	0,352650803186000	47,4940334128878
voronoiNoise_20_Diagram_008	0,0327172635743300	0,351296064256000	49,7619047619048
voronoiNoise_20_Diagram_009	0,0340244424120300	0,349687910594000	50,4761904761905
voronoiNoise_20_Diagram_010	0,0362375021451500	0,348405318919000	52,1428571428571
voronoiNoise_20_Diagram_011	0,0366741395786550	0,349003669660000	52,6190476190476
voronoiNoise_20_Diagram_012	0,0367409988034100	0,348616377726000	53,5714285714286
voronoiNoise_20_Diagram_013	0,0383138905300700	0,346620592000000	54,0476190476190
voronoiNoise_20_Diagram_014	0,0399117745469850	0,344491540824000	55,4761904761905
voronoiNoise_20_Diagram_015	0,0395613649320150	0,344199209749000	55,9523809523810
voronoiNoise_20_Diagram_016	0,0397796101241600	0,344981151287000	56,2945368171021
voronoiNoise_20_Diagram_017	0,0403596722163750	0,344167460054000	57,0071258907363
voronoiNoise_20_Diagram_018	0,0389746209610500	0,344821179312000	56,5320665083135
voronoiNoise_20_Diagram_019	0,0418774950233700	0,344372593380000	56,7695961995249
voronoiNoise_20_Diagram_020	0,0394739711202800	0,347371338032000	56,9047619047619
voronoiNoise_20_Diagram_030	0,0449451178648750	0,341958799422000	60,4761904761905
voronoiNoise_20_Diagram_040	0,0474810869317800	0,339174930551000	63,5714285714286
voronoiNoise_20_Diagram_050	0,0503441688850550	0,334422159780000	67,1428571428571
voronoiNoise_20_Diagram_060	0,0546404067465350	0,329033215579000	69,2124105011933
voronoiNoise_20_Diagram_070	0,0618453941902200	0,318994959045000	75,6563245823389
voronoiNoise_20_Diagram_080	0,0623018427955300	0,317832142712000	73,7470167064439
voronoiNoise_20_Diagram_090	0,0645481258693750	0,314403393142000	77,0883054892602
voronoiNoise_20_Diagram_100	0,0646725215067850	0,315009613546000	79,2362768496420
voronoiNoise_20_Diagram_200	0,0718072073144300	0,306005899431000	82,7751196172249
voronoiNoise_20_Diagram_300	0,0744769465309600	0,303179701945000	82,7751196172249
voronoiNoise_20_Diagram_400	0,0720726307999950	0,306308340904000	84,4497607655502
voronoiNoise_20_Diagram_500	0,0761837191028900	0,301032737359000	85,6459330143541
voronoiNoise_20_Diagram_600	0,0761207857185750	0,300713764192000	85,8851674641148
voronoiNoise_20_Diagram_700	0,0761368524165100	0,300635462115000	86,8421052631579
voronoiNoise_2_Diagram_001	0,0125492084610400	0,372260666089000	31,5165876777251
voronoiNoise_2_Diagram_002	0,0203848833816400	0,361905551113000	36,5155131264917
voronoiNoise_2_Diagram_003	0,0274094777004750	0,352662077321000	43,4367541766110
voronoiNoise_2_Diagram_004	0,0304915863883050	0,351826328072000	44,7368421052632
voronoiNoise_2_Diagram_005	0,0309246900078800	0,352399439922000	45,2153110047847
voronoiNoise_2_Diagram_006	0,0320652853247500	0,351485215779000	46,1538461538462
voronoiNoise_2_Diagram_007	0,0318759039436550	0,352405572246000	45,5635491606715
voronoiNoise_2_Diagram_008	0,0334949500117450	0,354030231794000	48,4412470023981
voronoiNoise_2_Diagram_009	0,0333504836410150	0,352789744172000	48,7980769230769
voronoiNoise_2_Diagram_010	0,0372820581353450	0,348419841938000	52,5301204819277
voronoiNoise_2_Diagram_011	0,0406144615119050	0,344130277272000	55,4216867469880
voronoiNoise_2_Diagram_012	0,0393541875401800	0,347105287797000	53,0120481927711
voronoiNoise_2_Diagram_013	0,0413894289371450	0,343941987525000	53,9759036144578
voronoiNoise_2_Diagram_014	0,0426864752727050	0,343296959615000	52,5301204819277
voronoiNoise_2_Diagram_015	0,0433171615599700	0,343282822982000	55,4216867469880
voronoiNoise_2_Diagram_016	0,0436423774545100	0,343425291940000	55,7971014492754
voronoiNoise_2_Diagram_017	0,0436474988944950	0,343426839314000	56,5217391304348
voronoiNoise_2_Diagram_018	0,0432329494795150	0,342415832255000	58,4541062801932
voronoiNoise_2_Diagram_019	0,0441247668449000	0,340984396529000	60,6280193236715
voronoiNoise_2_Diagram_020	0,0427533777739150	0,343611157760000	60,0484261501211
voronoiNoise_2_Diagram_030	0,0464249460816200	0,337981804916000	64,6489104116223
voronoiNoise_2_Diagram_040	0,0495603156731350	0,334756335862000	66,3438256658596
voronoiNoise_2_Diagram_050	0,0535913102128000	0,329338508534000	70,9443099273608
voronoiNoise_2_Diagram_060	0,0561331151022850	0,327212052986000	73,8498789346247
voronoiNoise_2_Diagram_070	0,0580351696649200	0,325360711363000	73,6077481840194
voronoiNoise_2_Diagram_080	0,0591893448927100	0,322309005046000	74,8184019370460
voronoiNoise_2_Diagram_090	0,0591699487471450	0,322058908291000	74,3341404358354
voronoiNoise_2_Diagram_100	0,0634410139841100	0,316751202320000	79,6610169491525
voronoiNoise_2_Diagram_200	0,0722892781320450	0,305058017593000	81,8840579710145
voronoiNoise_2_Diagram_300	0,0747957088605300	0,302988856133000	86,2318840579710
voronoiNoise_2_Diagram_400	0,0749490470823300	0,302247053167000	86,4734299516908
voronoiNoise_2_Diagram_500	0,0749775482203600	0,301659794272000	85,0241545893720
voronoiNoise_2_Diagram_600	0,0758093216065550	0,300392805291000	85,7487922705314
voronoiNoise_2_Diagram_700	0,0730253957727500	0,303448573138000	84,2995169082126
voronoiNoise_3_Diagram_001	0,0121429978259110	0,373624188239000	26,1282660332542
voronoiNoise_3_Diagram_002	0,0204539544604200	0,364437955917000	36,4508393285372
voronoiNoise_3_Diagram_003	0,0254472170249350	0,359674887765000	42,8915662650602
voronoiNoise_3_Diagram_004	0,0283410284938400	0,354542080448000	46,9879518072289
voronoiNoise_3_Diagram_005	0,0303543112951350	0,353506612577000	50,8474576271186
voronoiNoise_3_Diagram_006	0,0320971573744100	0,351837520594000	51,4563106796117
voronoiNoise_3_Diagram_007	0,0354906154936100	0,349652108857000	51,0895883777240
voronoiNoise_3_Diagram_008	0,0347501603611100	0,348569981354000	53,0266343825666
voronoiNoise_3_Diagram_009	0,0373324919908100	0,346770164592000	54,7215496368039
voronoiNoise_3_Diagram_010	0,0397499613020000	0,345295355123000	55,0724637681159
voronoiNoise_3_Diagram_011	0,0420030015982650	0,342380722679000	56,2801932367150
voronoiNoise_3_Diagram_012	0,0437740339572400	0,340451911006000	58,6956521739131
voronoiNoise_3_Diagram_013	0,0438286211893000	0,340357089198000	57,7294685990338
voronoiNoise_3_Diagram_014	0,0421227038318100	0,341651778198000	61,1111111111111
voronoiNoise_3_Diagram_015	0,0437520339844650	0,340001061909000	61,1111111111111
voronoiNoise_3_Diagram_016	0,0434130969400450	0,340766559109000	58,4541062801932
voronoiNoise_3_Diagram_017	0,0452990950044900	0,338120319342000	60,1449275362319
voronoiNoise_3_Diagram_018	0,0449456503447000	0,337539944055000	60,6280193236715
voronoiNoise_3_Diagram_019	0,0439674368757100	0,338999451801000	61,3526570048309
voronoiNoise_3_Diagram_020	0,0478391586453450	0,335826957386000	62,0772946859903
voronoiNoise_3_Diagram_030	0,0515498781730900	0,332720555217000	69,3975903614458
voronoiNoise_3_Diagram_040	0,0574113838020150	0,323868805348000	72,0481927710844
voronoiNoise_3_Diagram_050	0,0580468944913100	0,324005731867000	73,9759036144578
voronoiNoise_3_Diagram_060	0,0590240358149300	0,322332990117000	74,4578313253012
voronoiNoise_3_Diagram_070	0,0616192051099400	0,319837012829000	73,4939759036145
voronoiNoise_3_Diagram_080	0,0598338326746300	0,320863244281000	74,2168674698795
voronoiNoise_3_Diagram_090	0,0605917862839200	0,321589547507000	75,9036144578313
voronoiNoise_3_Diagram_100	0,0614999682356850	0,320372332432000	76,3855421686747
voronoiNoise_3_Diagram_200	0,0681714724472450	0,311501165667000	81,9277108433735
voronoiNoise_3_Diagram_300	0,0799908357948550	0,296218536482000	86,5060240963855
voronoiNoise_3_Diagram_400	0,0849253589651750	0,289901540209000	87,9518072289157
voronoiNoise_3_Diagram_500	0,0848280073788700	0,289812006747000	86,7469879518072
voronoiNoise_3_Diagram_600	0,0848947610609600	0,290210331318000	87,4698795180723
voronoiNoise_3_Diagram_700	0,0834484780318050	0,291765133427000	86,9879518072289
voronoiNoise_4_Diagram_001	0,0115400225622745	0,372064329091000	26,4150943396226
voronoiNoise_4_Diagram_002	0,0203304183232000	0,365169580785000	35,5294117647059
voronoiNoise_4_Diagram_003	0,0246313429003600	0,359066348287000	40,3301886792453
voronoiNoise_4_Diagram_004	0,0284062255551050	0,356098035619000	42,5178147268409
voronoiNoise_4_Diagram_005	0,0284179778949100	0,355164785272000	45,6057007125891
voronoiNoise_4_Diagram_006	0,0300935776211450	0,355568100969000	48,6935866983373
voronoiNoise_4_Diagram_007	0,0326652008541750	0,354433045944000	49,6437054631829
voronoiNoise_4_Diagram_008	0,0338460420747950	0,351111236946000	49,1686460807601
voronoiNoise_4_Diagram_009	0,0350812331640550	0,350035147467000	50,8313539192399
voronoiNoise_4_Diagram_010	0,0362963806426650	0,348044539538000	53,3333333333333
voronoiNoise_4_Diagram_011	0,0383522272759500	0,346158298003000	54,5238095238095
voronoiNoise_4_Diagram_012	0,0370433595993850	0,347919746726000	54,2857142857143
voronoiNoise_4_Diagram_013	0,0388410693557100	0,346027029058000	55,4761904761905
voronoiNoise_4_Diagram_014	0,0437321671007850	0,341785631652000	58,5714285714286
voronoiNoise_4_Diagram_015	0,0443328103260700	0,340914074544000	59,0476190476191
voronoiNoise_4_Diagram_016	0,0424944306177650	0,342299240665000	59,2857142857143
voronoiNoise_4_Diagram_017	0,0442928256929100	0,340204301697000	59,7619047619048
voronoiNoise_4_Diagram_018	0,0457994958556400	0,339244162703000	60,2380952380952
voronoiNoise_4_Diagram_019	0,0453941754849450	0,339137806764000	60,4761904761905
voronoiNoise_4_Diagram_020	0,0437378713714550	0,340193144464000	60,7142857142857
voronoiNoise_4_Diagram_030	0,0483694448160350	0,336029179542000	63,0952380952381
voronoiNoise_4_Diagram_040	0,0580393930006450	0,324476949453000	72,8571428571429
voronoiNoise_4_Diagram_050	0,0577496968085700	0,324473623432000	71,5990453460621
voronoiNoise_4_Diagram_060	0,0617470921832450	0,319081174918000	78,0429594272076
voronoiNoise_4_Diagram_070	0,0598551456217750	0,321449227686000	75,6563245823389
voronoiNoise_4_Diagram_080	0,0618763162644550	0,319330450968000	74,7016706443914
voronoiNoise_4_Diagram_090	0,0645096267079900	0,316808061545000	76,1336515513127
voronoiNoise_4_Diagram_100	0,0639669457705600	0,317314095401000	77,5656324582339
voronoiNoise_4_Diagram_200	0,0688190402912200	0,310562938610000	80,6220095693780
voronoiNoise_4_Diagram_300	0,0753789677382800	0,302881099775000	82,0574162679426
voronoiNoise_4_Diagram_400	0,0741243697825200	0,302377914277000	83,0143540669857
voronoiNoise_4_Diagram_500	0,0797785930365700	0,295813255041000	86,6028708133971
voronoiNoise_4_Diagram_600	0,0825370571911400	0,292144268018000	86,4285714285714
voronoiNoise_4_Diagram_700	0,0814454635686650	0,293914429753000	87,1428571428571
voronoiNoise_5_Diagram_001	0,0131463284313800	0,371573680242000	30,1886792452830
voronoiNoise_5_Diagram_002	0,0164767726963300	0,362985651790000	37,0546318289786
voronoiNoise_5_Diagram_003	0,0234581915767600	0,359441465301000	39,9049881235154
voronoiNoise_5_Diagram_004	0,0290484795197250	0,355510303730000	43,9140811455847
voronoiNoise_5_Diagram_005	0,0327775746885400	0,350374994797000	49,1646778042959
voronoiNoise_5_Diagram_006	0,0328071760322250	0,349177153334000	53,2219570405728
voronoiNoise_5_Diagram_007	0,0356470561577250	0,347822184350000	53,1100478468900
voronoiNoise_5_Diagram_008	0,0361564693051000	0,350068162027000	49,5215311004785
voronoiNoise_5_Diagram_009	0,0372216603840150	0,347836837193000	52,8708133971292
voronoiNoise_5_Diagram_010	0,0377235923674500	0,346836404526000	55,2631578947369
voronoiNoise_5_Diagram_011	0,0378824120088350	0,344672637005000	55,5023923444976
voronoiNoise_5_Diagram_012	0,0377844407002950	0,345870581222000	55,7416267942584
voronoiNoise_5_Diagram_013	0,0412033495406650	0,342421966274000	56,6985645933014
voronoiNoise_5_Diagram_014	0,0397726266183700	0,344135493081000	56,8345323741007
voronoiNoise_5_Diagram_015	0,0400086027893200	0,343987880196000	57,0743405275779
voronoiNoise_5_Diagram_016	0,0395872876976250	0,343757453419000	56,1151079136691
voronoiNoise_5_Diagram_017	0,0385585168424950	0,344635964134000	56,1151079136691
voronoiNoise_5_Diagram_018	0,0383688336079050	0,344993269176000	57,0743405275779
voronoiNoise_5_Diagram_019	0,0386123105676650	0,344873690047000	57,7937649880096
voronoiNoise_5_Diagram_020	0,0387548913216250	0,345330925488000	57,5539568345324
voronoiNoise_5_Diagram_030	0,0411138668335900	0,346442986097000	62,5899280575540
voronoiNoise_5_Diagram_040	0,0464889715373500	0,337692443460000	66,4268585131894
voronoiNoise_5_Diagram_050	0,0499862536260600	0,331833256455000	69,0647482014389
voronoiNoise_5_Diagram_060	0,0504593689412400	0,331474398839000	69,3045563549161
voronoiNoise_5_Diagram_070	0,0532791401274850	0,328089353077000	71,7026378896883
voronoiNoise_5_Diagram_080	0,0580572391238050	0,321674953733000	75,5395683453237
voronoiNoise_5_Diagram_090	0,0599495958791350	0,321068820937000	75,5395683453237
voronoiNoise_5_Diagram_100	0,0599412943331700	0,319921990267000	76,2589928057554
voronoiNoise_5_Diagram_200	0,0662925236784250	0,313731893912000	81,0551558752998
voronoiNoise_5_Diagram_300	0,0704220369507800	0,308138302359000	83,7320574162680
voronoiNoise_5_Diagram_400	0,0675983084192800	0,311958447229000	83,9328537170264
voronoiNoise_5_Diagram_500	0,0682474757501900	0,311053794915000	84,4124700239808
voronoiNoise_5_Diagram_600	0,0729043943874850	0,305558598939000	87,0503597122302
voronoiNoise_5_Diagram_700	0,0726457274102300	0,304595572241000	88,2494004796163
voronoiNoise_6_Diagram_001	0,0119154452906650	0,371136904271000	28,6052009456265
voronoiNoise_6_Diagram_002	0,0188387953186550	0,363826901547000	34,6793349168646
voronoiNoise_6_Diagram_003	0,0246679836090200	0,359959268073000	37,3205741626794
voronoiNoise_6_Diagram_004	0,0250219439043350	0,357130627873000	43,8095238095238
voronoiNoise_6_Diagram_005	0,0297225705067450	0,353281875967000	46,0807600950119
voronoiNoise_6_Diagram_006	0,0295929245892200	0,354457736048000	47,9809976247031
voronoiNoise_6_Diagram_007	0,0295160208808100	0,354730838535000	47,6190476190476
voronoiNoise_6_Diagram_008	0,0354817895018650	0,349788493866000	50,1187648456057
voronoiNoise_6_Diagram_009	0,0338425356419050	0,351552602734000	49,0476190476190
voronoiNoise_6_Diagram_010	0,0333089346036650	0,352022239333000	49,6437054631829
voronoiNoise_6_Diagram_011	0,0363175268112550	0,349278768669000	51,9047619047619
voronoiNoise_6_Diagram_012	0,0358141121430950	0,348000862170000	52,2565320665083
voronoiNoise_6_Diagram_013	0,0375965256946000	0,346265098626000	55,1068883610451
voronoiNoise_6_Diagram_014	0,0383365219034000	0,346912102047000	54,2857142857143
voronoiNoise_6_Diagram_015	0,0406434067359250	0,345569331956000	56,1904761904762
voronoiNoise_6_Diagram_016	0,0398003036114000	0,345874909677000	57,5178997613365
voronoiNoise_6_Diagram_017	0,0392168170281300	0,346260889552000	57,1770334928230
voronoiNoise_6_Diagram_018	0,0417908345763550	0,343874237730000	56,6985645933014
voronoiNoise_6_Diagram_019	0,0435250704587150	0,340818725451000	57,6555023923445
voronoiNoise_6_Diagram_020	0,0417646727631950	0,343982618627000	56,9377990430622
voronoiNoise_6_Diagram_030	0,0416996508627250	0,345355867285000	58,0335731414868
voronoiNoise_6_Diagram_040	0,0460696424991700	0,339577605336000	64,5083932853717
voronoiNoise_6_Diagram_050	0,0531267009622500	0,331808992987000	71,4628297362110
voronoiNoise_6_Diagram_060	0,0501648254656400	0,335301164723000	69,0647482014389
voronoiNoise_6_Diagram_070	0,0541341027374450	0,330028221653000	69,5443645083933
voronoiNoise_6_Diagram_080	0,0569894360857250	0,326955365962000	73,8609112709832
voronoiNoise_6_Diagram_090	0,0597114049502550	0,322635462689000	73,3812949640288
voronoiNoise_6_Diagram_100	0,0594022061632600	0,322931361990000	75,0599520383693
voronoiNoise_6_Diagram_200	0,0678601291481750	0,312106437759000	81,0551558752998
voronoiNoise_6_Diagram_300	0,0776980462211900	0,299167371257000	84,6522781774580
voronoiNoise_6_Diagram_400	0,0760254423016750	0,301062592585000	84,1726618705036
voronoiNoise_6_Diagram_500	0,0741259238392800	0,303255492718000	84,2105263157895
voronoiNoise_6_Diagram_600	0,0751383824815650	0,302472812341000	85,6459330143541
voronoiNoise_6_Diagram_700	0,0788016479449150	0,297668901260000	86,6028708133971
voronoiNoise_7_Diagram_001	0,0144366822983700	0,377255853677000	24,8826291079812
voronoiNoise_7_Diagram_002	0,0195397096102250	0,362609949334000	35,5971896955504
voronoiNoise_7_Diagram_003	0,0239371128228300	0,358412230415000	39,6713615023474
voronoiNoise_7_Diagram_004	0,0298604719850600	0,351516697078000	44,4705882352941
voronoiNoise_7_Diagram_005	0,0301706090157400	0,353495359762000	44,9172576832151
voronoiNoise_7_Diagram_006	0,0320626120813700	0,351642890920000	48,9361702127660
voronoiNoise_7_Diagram_007	0,0334986146368550	0,350775349003000	51,6587677725119
voronoiNoise_7_Diagram_008	0,0362346356472300	0,347038786993000	53,5545023696682
voronoiNoise_7_Diagram_009	0,0381103650069600	0,345022678500000	55,3444180522565
voronoiNoise_7_Diagram_010	0,0355014280007900	0,348434889757000	56,0283687943262
voronoiNoise_7_Diagram_011	0,0401404021628250	0,343529204669000	57,9196217494090
voronoiNoise_7_Diagram_012	0,0385038986714700	0,343878328989000	57,2104018912530
voronoiNoise_7_Diagram_013	0,0392803086629400	0,344007057121000	58,1560283687943
voronoiNoise_7_Diagram_014	0,0432292726209450	0,340060240766000	59,1016548463357
voronoiNoise_7_Diagram_015	0,0433003700226850	0,340646978034000	60,0472813238771
voronoiNoise_7_Diagram_016	0,0419752036262800	0,341736917249000	58,6288416075650
voronoiNoise_7_Diagram_017	0,0414176094035650	0,342729751336000	59,1016548463357
voronoiNoise_7_Diagram_018	0,0429963058306100	0,340257679376000	59,3380614657210
voronoiNoise_7_Diagram_019	0,0435521360341050	0,341430787628000	59,5744680851064
voronoiNoise_7_Diagram_020	0,0447829102764100	0,339757968949000	61,4657210401891
voronoiNoise_7_Diagram_030	0,0455832769469600	0,338871567627000	62,4113475177305
voronoiNoise_7_Diagram_040	0,0497189507356450	0,334031299028000	65,4028436018957
voronoiNoise_7_Diagram_050	0,0554790878876400	0,326504393713000	70,0712589073634
voronoiNoise_7_Diagram_060	0,0559724263491150	0,326593404430000	72,4465558194774
voronoiNoise_7_Diagram_070	0,0548136983811650	0,329372870447000	71,2589073634204
voronoiNoise_7_Diagram_080	0,0585387585151050	0,323874393445000	72,6840855106888
voronoiNoise_7_Diagram_090	0,0597656490562150	0,321144126348000	73,1591448931116
voronoiNoise_7_Diagram_100	0,0596250665468650	0,320781667667000	73,3966745843230
voronoiNoise_7_Diagram_200	0,0730467541492550	0,304411109224000	81,7102137767221
voronoiNoise_7_Diagram_300	0,0756550616391700	0,301032748027000	84,8341232227488
voronoiNoise_7_Diagram_400	0,0753094672962450	0,301378507037000	83,1753554502370
voronoiNoise_7_Diagram_500	0,0748912382757050	0,301639178540000	84,5971563981043
voronoiNoise_7_Diagram_600	0,0787626793817350	0,297165812982000	85,3080568720379
voronoiNoise_7_Diagram_700	0,0772884683923400	0,298856291182000	84,8341232227488
voronoiNoise_8_Diagram_001	0,0130757628478750	0,373157252415000	28,0092592592593
voronoiNoise_8_Diagram_002	0,0184273715845850	0,361484834911000	40,0932400932401
voronoiNoise_8_Diagram_003	0,0268420359141050	0,355114611860000	45,6470588235294
voronoiNoise_8_Diagram_004	0,0262573626361600	0,355951805713000	46,5882352941176
voronoiNoise_8_Diagram_005	0,0296900708863200	0,352873668787000	49,6453900709220
voronoiNoise_8_Diagram_006	0,0325099768612800	0,350644242004000	50
voronoiNoise_8_Diagram_007	0,0332406345782400	0,350578354762000	52,7315914489311
voronoiNoise_8_Diagram_008	0,0364759630533800	0,348760102904000	54,1567695961995
voronoiNoise_8_Diagram_009	0,0383637796168100	0,345382607840000	55,8194774346793
voronoiNoise_8_Diagram_010	0,0382085380343150	0,344598617800000	57,2446555819478
voronoiNoise_8_Diagram_011	0,0399656269271100	0,344749351801000	58,4323040380047
voronoiNoise_8_Diagram_012	0,0390976622612150	0,347301031302000	58,1947743467934
voronoiNoise_8_Diagram_013	0,0410415232360200	0,343732425753000	59,5238095238095
voronoiNoise_8_Diagram_014	0,0423497538216300	0,344661469205000	59,5238095238095
voronoiNoise_8_Diagram_015	0,0419745527949600	0,343380205389000	61,3365155131265
voronoiNoise_8_Diagram_016	0,0416529130645300	0,343302846259000	61,5751789976134
voronoiNoise_8_Diagram_017	0,0433701076533700	0,340915451727000	63,2458233890215
voronoiNoise_8_Diagram_018	0,0457432429198150	0,336957543549000	63,2458233890215
voronoiNoise_8_Diagram_019	0,0473918921885450	0,336151666453000	64,5238095238095
voronoiNoise_8_Diagram_020	0,0446097870256800	0,338737413302000	63,4844868735084
voronoiNoise_8_Diagram_030	0,0493215519549350	0,335132969737000	65,8711217183771
voronoiNoise_8_Diagram_040	0,0529668405861950	0,329459321990000	70,1670644391408
voronoiNoise_8_Diagram_050	0,0532281986651900	0,329468661555000	72,0095693779904
voronoiNoise_8_Diagram_060	0,0561570217052000	0,326615958388000	72,4880382775120
voronoiNoise_8_Diagram_070	0,0568654263698950	0,326344118946000	73,4449760765550
voronoiNoise_8_Diagram_080	0,0589909480427400	0,322105230521000	73,2057416267943
voronoiNoise_8_Diagram_090	0,0597331328077650	0,322061210044000	74,8803827751196
voronoiNoise_8_Diagram_100	0,0582257994382100	0,324141487320000	76,5550239234450
voronoiNoise_8_Diagram_200	0,0686839846125500	0,309738603651000	84,8920863309353
voronoiNoise_8_Diagram_300	0,0715670032439700	0,305604120566000	84,4124700239808
voronoiNoise_8_Diagram_400	0,0770169878488700	0,300120032835000	87,2901678657074
voronoiNoise_8_Diagram_500	0,0770962051074100	0,299761644368000	88,4892086330935
voronoiNoise_8_Diagram_600	0,0784977988807900	0,298005198787000	88,9423076923077
voronoiNoise_8_Diagram_700	0,0794847638019350	0,296756974175000	89,4230769230769
voronoiNoise_9_Diagram_001	0,0152112382106050	0,376879860616000	23,6276849642005
voronoiNoise_9_Diagram_002	0,0169509171140600	0,363636897455000	37,0192307692308
voronoiNoise_9_Diagram_003	0,0171921380971600	0,364177257422000	41,8269230769231
voronoiNoise_9_Diagram_004	0,0218117140704050	0,359806353079000	42,3076923076923
voronoiNoise_9_Diagram_005	0,0229854379541500	0,359084467604000	41,8269230769231
voronoiNoise_9_Diagram_006	0,0277793185748900	0,360248435375000	45,3237410071942
voronoiNoise_9_Diagram_007	0,0291459787351650	0,359518488687000	46,0431654676259
voronoiNoise_9_Diagram_008	0,0336034678349700	0,354688621477000	48,4337349397590
voronoiNoise_9_Diagram_009	0,0342729798300750	0,351547444266000	50,6024096385542
voronoiNoise_9_Diagram_010	0,0359659623053050	0,351078287826000	52,5301204819277
voronoiNoise_9_Diagram_011	0,0353897298915850	0,352016404532000	53,2530120481928
voronoiNoise_9_Diagram_012	0,0361000331804850	0,349612821994000	53,9759036144578
voronoiNoise_9_Diagram_013	0,0391687698042500	0,344923282983000	56,3855421686747
voronoiNoise_9_Diagram_014	0,0401654328351250	0,344950277962000	56,8674698795181
voronoiNoise_9_Diagram_015	0,0387945310518000	0,345089095519000	58,0722891566265
voronoiNoise_9_Diagram_016	0,0407809255673200	0,346825827173000	60,2409638554217
voronoiNoise_9_Diagram_017	0,0406230518762950	0,344438776837000	60,9638554216868
voronoiNoise_9_Diagram_018	0,0389525312528600	0,346934699393000	59,0361445783133
voronoiNoise_9_Diagram_019	0,0425948372946000	0,343234686987000	61,4457831325301
voronoiNoise_9_Diagram_020	0,0444293280007100	0,340904310727000	63,8554216867470
voronoiNoise_9_Diagram_030	0,0508095863337100	0,333057390103000	69,0821256038647
voronoiNoise_9_Diagram_040	0,0488536614126600	0,335864998554000	67,1497584541063
voronoiNoise_9_Diagram_050	0,0522713392501950	0,330750127262000	69,3236714975845
voronoiNoise_9_Diagram_060	0,0530854319855500	0,329997468485000	70,4600484261501
voronoiNoise_9_Diagram_070	0,0547049292321850	0,327587855737000	70,7021791767555
voronoiNoise_9_Diagram_080	0,0560509657936250	0,325287082063000	72,8813559322034
voronoiNoise_9_Diagram_090	0,0565045734952200	0,324439478302000	74,3341404358354
voronoiNoise_9_Diagram_100	0,0582036806450100	0,323751869020000	74,5145631067961
voronoiNoise_9_Diagram_200	0,0738374942639800	0,302709898939000	82,7669902912621
voronoiNoise_9_Diagram_300	0,0753089893152450	0,300389442573000	84,2233009708738
voronoiNoise_9_Diagram_400	0,0735122616561000	0,302996509504000	85,1941747572815
voronoiNoise_9_Diagram_500	0,0757328894562100	0,300362941637000	84,7087378640777
voronoiNoise_9_Diagram_600	0,0797792849541800	0,295325497346000	85,6796116504854
voronoiNoise_9_Diagram_700	0,0802535329843800	0,295219571991000	86,4077669902913
