voronoiNoise_10_Diagram_001	0,0137441754653000	0,387720422226000	28,0092592592593
voronoiNoise_10_Diagram_002	0,0288967969432050	0,371435911728000	37,0629370629371
voronoiNoise_10_Diagram_003	0,0263040979651800	0,375120773987000	45,3051643192488
voronoiNoise_10_Diagram_004	0,0331444731371050	0,366226800106000	48,4633569739953
voronoiNoise_10_Diagram_005	0,0427285380349600	0,358179915577000	47,2813238770686
voronoiNoise_10_Diagram_006	0,0426332024055650	0,359253100767000	47,7541371158392
voronoiNoise_10_Diagram_007	0,0353918604818950	0,366034299176000	50,2358490566038
voronoiNoise_10_Diagram_008	0,0446042727737750	0,360236048795000	50,2358490566038
voronoiNoise_10_Diagram_009	0,0354312279072150	0,369383762539000	52,1226415094340
voronoiNoise_10_Diagram_010	0,0479369097486050	0,356796816454000	53,5377358490566
voronoiNoise_10_Diagram_011	0,0488840430913050	0,355765312394000	54,9528301886792
voronoiNoise_10_Diagram_012	0,0404830306813600	0,365403051439000	53,0660377358491
voronoiNoise_10_Diagram_013	0,0490259377645200	0,353826474775000	53,5377358490566
voronoiNoise_10_Diagram_014	0,0406132688164200	0,365059536679000	55,6603773584906
voronoiNoise_10_Diagram_015	0,0493944325821700	0,354743907331000	57,0754716981132
voronoiNoise_10_Diagram_016	0,0523232051344850	0,351567051867000	58,2547169811321
voronoiNoise_10_Diagram_017	0,0540676762987700	0,349175423016000	60,1415094339623
voronoiNoise_10_Diagram_018	0,0624821378471850	0,341137778136000	60,8490566037736
voronoiNoise_10_Diagram_019	0,0450829265608250	0,360718777350000	61,0849056603774
voronoiNoise_10_Diagram_020	0,0625333788872450	0,339512101413000	60,8490566037736
voronoiNoise_10_Diagram_030	0,0672564853455050	0,334086687516000	65,4846335697399
voronoiNoise_10_Diagram_040	0,0615748636297150	0,340727995243000	72,1040189125296
voronoiNoise_10_Diagram_050	0,0640018721810600	0,336948175287000	71,8676122931442
voronoiNoise_10_Diagram_060	0,0749326498444100	0,326463040065000	72,3404255319149
voronoiNoise_10_Diagram_070	0,0750779840216350	0,324587451419000	73,2860520094563
voronoiNoise_10_Diagram_080	0,0759143932906800	0,323463472617000	72,8132387706856
voronoiNoise_10_Diagram_090	0,0786375423628550	0,320461241353000	76,3593380614657
voronoiNoise_10_Diagram_100	0,0823122717670050	0,316152408306000	77,0685579196218
voronoiNoise_10_Diagram_200	0,0865791448598050	0,310152249311000	79,3838862559242
voronoiNoise_10_Diagram_300	0,0928622283118350	0,301714245800000	82,2274881516588
voronoiNoise_10_Diagram_400	0,0967151513173950	0,297659144967000	83,4123222748815
voronoiNoise_10_Diagram_500	0,0859989199674400	0,309485727630000	85,5106888361045
voronoiNoise_10_Diagram_600	0,0932625392903850	0,300967388439000	84,5605700712589
voronoiNoise_10_Diagram_700	0,0843435656450600	0,310879073067000	84,3230403800475
voronoiNoise_11_Diagram_001	0,0183761464249300	0,381856802231000	27,1428571428571
voronoiNoise_11_Diagram_002	0,0197490549895800	0,382327990128000	34,4418052256532
voronoiNoise_11_Diagram_003	0,0239605221124100	0,381121254623000	40,9523809523810
voronoiNoise_11_Diagram_004	0,0301717626818400	0,373901865641000	46,3007159904535
voronoiNoise_11_Diagram_005	0,0340370602539750	0,370184021777000	48,6873508353222
voronoiNoise_11_Diagram_006	0,0353185370009500	0,368849770419000	51,6666666666667
voronoiNoise_11_Diagram_007	0,0361837363162100	0,369572192318000	52,7446300715990
voronoiNoise_11_Diagram_008	0,0478835408884450	0,358184442553000	54,0476190476190
voronoiNoise_11_Diagram_009	0,0487043780611800	0,357016307232000	57,3809523809524
voronoiNoise_11_Diagram_010	0,0383458993582050	0,369262940635000	55,1312649164678
voronoiNoise_11_Diagram_011	0,0391665844253850	0,367413874309000	58,4725536992840
voronoiNoise_11_Diagram_012	0,0391994879397800	0,367707445617000	56,3245823389022
voronoiNoise_11_Diagram_013	0,0525596320796950	0,354032487991000	58,9498806682578
voronoiNoise_11_Diagram_014	0,0432221503124550	0,363954477685000	57,9952267303103
voronoiNoise_11_Diagram_015	0,0544718616541700	0,351598730390000	58,8516746411483
voronoiNoise_11_Diagram_016	0,0433456630117100	0,363511952907000	58,6124401913876
voronoiNoise_11_Diagram_017	0,0435584438247350	0,362486770450000	59,5693779904306
voronoiNoise_11_Diagram_018	0,0538437152712700	0,349341970058000	57,4162679425837
voronoiNoise_11_Diagram_019	0,0550794119909650	0,347807104688000	60,5263157894737
voronoiNoise_11_Diagram_020	0,0539411196073150	0,349425134017000	61,0047846889952
voronoiNoise_11_Diagram_030	0,0616646827073550	0,338834923622000	65,1551312649165
voronoiNoise_11_Diagram_040	0,0610649492248750	0,340543047873000	67,0644391408115
voronoiNoise_11_Diagram_050	0,0670149930990600	0,332345390298000	70,0956937799043
voronoiNoise_11_Diagram_060	0,0761507613557300	0,325333898580000	72,9665071770335
voronoiNoise_11_Diagram_070	0,0804873333033850	0,318857085453000	75,5395683453237
voronoiNoise_11_Diagram_080	0,0818090262852150	0,317462761652000	76,7386091127098
voronoiNoise_11_Diagram_090	0,0699805642149250	0,330150090006000	76,7386091127098
voronoiNoise_11_Diagram_100	0,0828811986609300	0,315572188339000	78,6570743405276
voronoiNoise_11_Diagram_200	0,0900547221405100	0,306067461285000	81,8181818181818
voronoiNoise_11_Diagram_300	0,0920731370832250	0,304725235590000	84,4497607655502
voronoiNoise_11_Diagram_400	0,0918044006695600	0,304490166663000	85,4066985645933
voronoiNoise_11_Diagram_500	0,0928040727122550	0,304345784719000	86,1575178997613
voronoiNoise_11_Diagram_600	0,0935554968784850	0,302897398093000	86,1575178997613
voronoiNoise_11_Diagram_700	0,0963563286852150	0,298763462584000	86,3961813842482
voronoiNoise_12_Diagram_001	0,0148371047803750	0,389837472359000	28,2238442822384
voronoiNoise_12_Diagram_002	0,0212605040459600	0,388152343096000	34,3750000000000
voronoiNoise_12_Diagram_003	0,0236177696151350	0,380496734947000	41,2048192771084
voronoiNoise_12_Diagram_004	0,0267696071310500	0,376409747269000	42,1686746987952
voronoiNoise_12_Diagram_005	0,0331131790072300	0,371183657963000	46,6183574879227
voronoiNoise_12_Diagram_006	0,0351224240498100	0,369022097519000	52,3002421307506
voronoiNoise_12_Diagram_007	0,0371595443345500	0,368180560826000	51,5738498789346
voronoiNoise_12_Diagram_008	0,0404578693865350	0,362762399227000	54,4794188861986
voronoiNoise_12_Diagram_009	0,0506601685498800	0,355189016989000	56,4164648910412
voronoiNoise_12_Diagram_010	0,0418146337406400	0,362586974949000	58,4541062801932
voronoiNoise_12_Diagram_011	0,0526511733748350	0,351851818230000	58,6956521739131
voronoiNoise_12_Diagram_012	0,0399950080760750	0,365297639559000	55,5555555555556
voronoiNoise_12_Diagram_013	0,0539773056341300	0,349283743732000	59,1787439613527
voronoiNoise_12_Diagram_014	0,0475701344804250	0,355707181083000	59,4202898550725
voronoiNoise_12_Diagram_015	0,0536684730460300	0,348508311417000	59,9033816425121
voronoiNoise_12_Diagram_016	0,0475221361080550	0,357725286666000	62,3188405797101
voronoiNoise_12_Diagram_017	0,0477447342830550	0,357684021771000	62,6506024096386
voronoiNoise_12_Diagram_018	0,0678254524213650	0,334997635687000	63,8554216867470
voronoiNoise_12_Diagram_019	0,0596585027986200	0,343184154394000	64,8192771084337
voronoiNoise_12_Diagram_020	0,0610366199781150	0,342833857370000	65,7831325301205
voronoiNoise_12_Diagram_030	0,0638320405246050	0,337676673663000	70,1204819277108
voronoiNoise_12_Diagram_040	0,0616520164035100	0,341377522078000	70,1204819277108
voronoiNoise_12_Diagram_050	0,0771520181860400	0,322766085598000	73,7349397590361
voronoiNoise_12_Diagram_060	0,0773685656300800	0,321580133327000	74,4578313253012
voronoiNoise_12_Diagram_070	0,0709543070219900	0,327110055366000	76,3855421686747
voronoiNoise_12_Diagram_080	0,0816541358191600	0,315108178122000	75,1807228915663
voronoiNoise_12_Diagram_090	0,0850515783426400	0,311882019680000	78,7951807228916
voronoiNoise_12_Diagram_100	0,0847991048371450	0,312160246245000	79,7590361445783
voronoiNoise_12_Diagram_200	0,0884276487102500	0,307749721388000	82,8915662650603
voronoiNoise_12_Diagram_300	0,0897656131583700	0,306771537494000	84,5783132530121
voronoiNoise_12_Diagram_400	0,0947211076751550	0,299353557310000	85,0961538461538
voronoiNoise_12_Diagram_500	0,0922163674295900	0,302535300389000	84,3750000000000
voronoiNoise_12_Diagram_600	0,0922947239931800	0,302434629946000	84,6153846153846
voronoiNoise_12_Diagram_700	0,0929091244287100	0,302224750609000	86,2980769230769
voronoiNoise_13_Diagram_001	0,0122722493013730	0,391783683819000	32,3809523809524
voronoiNoise_13_Diagram_002	0,0189306614014750	0,382773307027000	39,9527186761229
voronoiNoise_13_Diagram_003	0,0226334084913250	0,380017309294000	43,7054631828979
voronoiNoise_13_Diagram_004	0,0358672737433350	0,366439939090000	45,9330143540670
voronoiNoise_13_Diagram_005	0,0388135713926350	0,365044905190000	44,3914081145585
voronoiNoise_13_Diagram_006	0,0303379018610300	0,374690844150000	47,4940334128878
voronoiNoise_13_Diagram_007	0,0312822571486900	0,373596511833000	48,4486873508353
voronoiNoise_13_Diagram_008	0,0411265766136850	0,363507909283000	46,7780429594272
voronoiNoise_13_Diagram_009	0,0315347049963050	0,373414514384000	50
voronoiNoise_13_Diagram_010	0,0361308611119900	0,366050525293000	50,4784688995215
voronoiNoise_13_Diagram_011	0,0374285224267200	0,366045341114000	52,3923444976077
voronoiNoise_13_Diagram_012	0,0479468723971900	0,358486838209000	52,8708133971292
voronoiNoise_13_Diagram_013	0,0482465934965150	0,357282581525000	54,3062200956938
voronoiNoise_13_Diagram_014	0,0493451512365350	0,355739308992000	57,1770334928230
voronoiNoise_13_Diagram_015	0,0506645467053700	0,353908909478000	57,3141486810552
voronoiNoise_13_Diagram_016	0,0486331338108000	0,357206986682000	54,9160671462830
voronoiNoise_13_Diagram_017	0,0396672934192350	0,366863995451000	55,6354916067146
voronoiNoise_13_Diagram_018	0,0482475992930300	0,357086505429000	53,7170263788969
voronoiNoise_13_Diagram_019	0,0387167514949550	0,367070596748000	54,6762589928058
voronoiNoise_13_Diagram_020	0,0480130162429450	0,357189114154000	55,8752997601918
voronoiNoise_13_Diagram_030	0,0529799738129200	0,350550730008000	59,7122302158273
voronoiNoise_13_Diagram_040	0,0682936636556750	0,335520098026000	65,4676258992806
voronoiNoise_13_Diagram_050	0,0619111188942000	0,339620635787000	69,7841726618705
voronoiNoise_13_Diagram_060	0,0740021884285500	0,327555242410000	73,6211031175060
voronoiNoise_13_Diagram_070	0,0756700917253300	0,325701431688000	74,3405275779377
voronoiNoise_13_Diagram_080	0,0738374339246600	0,327056349031000	73,3812949640288
voronoiNoise_13_Diagram_090	0,0640074078533950	0,337249236696000	74,8201438848921
voronoiNoise_13_Diagram_100	0,0758821943595400	0,324738179535000	74,5803357314149
voronoiNoise_13_Diagram_200	0,0875270206238250	0,310563575657000	81,5347721822542
voronoiNoise_13_Diagram_300	0,0910543035024950	0,305686523728000	83,6538461538462
voronoiNoise_13_Diagram_400	0,0951366117454950	0,299627071997000	82,9326923076923
voronoiNoise_13_Diagram_500	0,0959238133113900	0,298732860504000	84,8557692307692
voronoiNoise_13_Diagram_600	0,0939322343951050	0,300571203239000	85,8173076923077
voronoiNoise_13_Diagram_700	0,0987821074179350	0,295223210047000	86,5384615384616
voronoiNoise_14_Diagram_001	0,0147185462760000	0,385783711901000	29,3427230046948
voronoiNoise_14_Diagram_002	0,0183251003793050	0,380728783667000	37,4407582938389
voronoiNoise_14_Diagram_003	0,0225389192469950	0,379641200516000	41,0926365795724
voronoiNoise_14_Diagram_004	0,0273820110581350	0,375373870514000	42,3809523809524
voronoiNoise_14_Diagram_005	0,0411703039452250	0,362500178478000	45,9523809523810
voronoiNoise_14_Diagram_006	0,0317130707146600	0,371095340646000	45,4761904761905
voronoiNoise_14_Diagram_007	0,0332895786600000	0,370488307252000	47,2684085510689
voronoiNoise_14_Diagram_008	0,0417342821552950	0,361169602511000	50,1193317422434
voronoiNoise_14_Diagram_009	0,0329476732642750	0,369065607903000	51,7899761336516
voronoiNoise_14_Diagram_010	0,0385280727864400	0,366937149579000	54,6539379474940
voronoiNoise_14_Diagram_011	0,0398237973127350	0,365644263565000	56,0859188544153
voronoiNoise_14_Diagram_012	0,0402887314342750	0,364146075964000	55,8472553699284
voronoiNoise_14_Diagram_013	0,0502524722676250	0,352265333288000	58,7112171837709
voronoiNoise_14_Diagram_014	0,0613565512501150	0,341145074872000	56,8019093078759
voronoiNoise_14_Diagram_015	0,0528757361088450	0,349888888923000	58,2338902147971
voronoiNoise_14_Diagram_016	0,0423320270575950	0,362138750075000	57,9952267303103
voronoiNoise_14_Diagram_017	0,0429475487658900	0,361945475844000	58,7112171837709
voronoiNoise_14_Diagram_018	0,0618295120050900	0,341555157195000	58,4725536992840
voronoiNoise_14_Diagram_019	0,0551889590784150	0,346983323002000	60,6205250596659
voronoiNoise_14_Diagram_020	0,0489592355488850	0,354619142118000	62,5298329355609
voronoiNoise_14_Diagram_030	0,0697658975162550	0,332929176091000	65,5502392344498
voronoiNoise_14_Diagram_040	0,0615656940762250	0,341212955746000	66,9856459330144
voronoiNoise_14_Diagram_050	0,0787993052045050	0,319281531541000	73,4449760765550
voronoiNoise_14_Diagram_060	0,0812319621293750	0,317270834513000	72,9665071770335
voronoiNoise_14_Diagram_070	0,0819957445340600	0,316193771243000	74,7016706443914
voronoiNoise_14_Diagram_080	0,0824170151545500	0,316396203297000	75,8949880668258
voronoiNoise_14_Diagram_090	0,0803872334219900	0,319250348605000	75,5980861244019
voronoiNoise_14_Diagram_100	0,0732586171060200	0,326095690439000	75,5980861244019
voronoiNoise_14_Diagram_200	0,0857884145809750	0,312062477978000	77,9904306220096
voronoiNoise_14_Diagram_300	0,0865643846506250	0,308400560751000	85,4066985645933
voronoiNoise_14_Diagram_400	0,0880493672431700	0,306208086554000	85,1674641148325
voronoiNoise_14_Diagram_500	0,100277933115735	0,292856527890000	85,4066985645933
voronoiNoise_14_Diagram_600	0,106006935337315	0,285885501801000	87,0813397129187
voronoiNoise_14_Diagram_700	0,109756020870700	0,281655823255000	87,7990430622010
voronoiNoise_15_Diagram_001	0,0153724919436700	0,390236072662000	25,8215962441315
voronoiNoise_15_Diagram_002	0,0154047085409500	0,382884934466000	33,4894613583138
voronoiNoise_15_Diagram_003	0,0210334554326800	0,378120810581000	45,6674473067916
voronoiNoise_15_Diagram_004	0,0243313467949150	0,377998967787000	46,6042154566745
voronoiNoise_15_Diagram_005	0,0369150277185150	0,366447125601000	50,3512880562061
voronoiNoise_15_Diagram_006	0,0275657251971500	0,375342842511000	55,3990610328639
voronoiNoise_15_Diagram_007	0,0309826182362650	0,373516511390000	57,7464788732394
voronoiNoise_15_Diagram_008	0,0429169918433950	0,361084949360000	55,8685446009390
voronoiNoise_15_Diagram_009	0,0442930106737650	0,359679678123000	56,0000000000000
voronoiNoise_15_Diagram_010	0,0458723287448400	0,359552076863000	55,2941176470588
voronoiNoise_15_Diagram_011	0,0359919262219950	0,369005801619000	55,2941176470588
voronoiNoise_15_Diagram_012	0,0365019374099150	0,368829029898000	56,1320754716981
voronoiNoise_15_Diagram_013	0,0390193400951850	0,364948830574000	58,6288416075650
voronoiNoise_15_Diagram_014	0,0515961706884350	0,352823766292000	60,9929078014184
voronoiNoise_15_Diagram_015	0,0533676427059700	0,350438663510000	62,1749408983452
voronoiNoise_15_Diagram_016	0,0435701565092400	0,360273155602000	61,2293144208038
voronoiNoise_15_Diagram_017	0,0523942152555250	0,350518744731000	61,2293144208038
voronoiNoise_15_Diagram_018	0,0452254576761100	0,358191181242000	62,1749408983452
voronoiNoise_15_Diagram_019	0,0535391322174350	0,347977049282000	63,1205673758865
voronoiNoise_15_Diagram_020	0,0514596629121050	0,351253667591000	62,4113475177305
voronoiNoise_15_Diagram_030	0,0587622821306850	0,342380827680000	66,5876777251185
voronoiNoise_15_Diagram_040	0,0715281750742600	0,328411997943000	68,9573459715640
voronoiNoise_15_Diagram_050	0,0604399750529350	0,340818399902000	70,7838479809976
voronoiNoise_15_Diagram_060	0,0632817617962900	0,336648269669000	72,9216152019002
voronoiNoise_15_Diagram_070	0,0749919417239900	0,324227175149000	74,1092636579572
voronoiNoise_15_Diagram_080	0,0746334294560850	0,325008981547000	74,5843230403801
voronoiNoise_15_Diagram_090	0,0770493047271450	0,321890342360000	75,0593824228028
voronoiNoise_15_Diagram_100	0,0799414191369350	0,318697481418000	75,7719714964371
voronoiNoise_15_Diagram_200	0,0833172200060100	0,313868351831000	82,4228028503563
voronoiNoise_15_Diagram_300	0,0874384875506450	0,308174969544000	83,8479809976247
voronoiNoise_15_Diagram_400	0,0900810050258150	0,305776885522000	86,2232779097387
voronoiNoise_15_Diagram_500	0,0886262570017400	0,307423808530000	85,5106888361045
voronoiNoise_15_Diagram_600	0,0923823495083750	0,302497913637000	86,9358669833729
voronoiNoise_15_Diagram_700	0,0822494027344100	0,313501023731000	87,4109263657957
voronoiNoise_16_Diagram_001	0,0154332365961050	0,382930361838000	31,6037735849057
voronoiNoise_16_Diagram_002	0,0200692628450450	0,379419896056000	38,8489208633094
voronoiNoise_16_Diagram_003	0,0334710860189150	0,367570949596000	43,7799043062201
voronoiNoise_16_Diagram_004	0,0357263020976900	0,364808862816000	47,1291866028708
voronoiNoise_16_Diagram_005	0,0260470592482000	0,375322787227000	44,8441247002398
voronoiNoise_16_Diagram_006	0,0414419323727350	0,363856403688000	47,7218225419664
voronoiNoise_16_Diagram_007	0,0434515156525750	0,360022718736000	48,3173076923077
voronoiNoise_16_Diagram_008	0,0366720705122550	0,364988420460000	53,1250000000000
voronoiNoise_16_Diagram_009	0,0470934376124400	0,355182274024000	54,3269230769231
voronoiNoise_16_Diagram_010	0,0463320425492750	0,356944976533000	52,8846153846154
voronoiNoise_16_Diagram_011	0,0479252038905700	0,355269078915000	53,0120481927711
voronoiNoise_16_Diagram_012	0,0398083375094000	0,364445623276000	52,2891566265060
voronoiNoise_16_Diagram_013	0,0408532836813000	0,363717322433000	53,4939759036145
voronoiNoise_16_Diagram_014	0,0511386957989800	0,353068203949000	54,9397590361446
voronoiNoise_16_Diagram_015	0,0398119385671000	0,365061902202000	53,9759036144578
voronoiNoise_16_Diagram_016	0,0597872925553150	0,344288793069000	57,1084337349398
voronoiNoise_16_Diagram_017	0,0597525348004050	0,344267869312000	57,5903614457831
voronoiNoise_16_Diagram_018	0,0615086101345900	0,341465129327000	60
voronoiNoise_16_Diagram_019	0,0517107641443350	0,351437275855000	61,6867469879518
voronoiNoise_16_Diagram_020	0,0634953206119200	0,339681732885000	62,6506024096386
voronoiNoise_16_Diagram_030	0,0642884627894550	0,339537567343000	65,5421686746988
voronoiNoise_16_Diagram_040	0,0654028194739800	0,336646352953000	67,4698795180723
voronoiNoise_16_Diagram_050	0,0672353545430800	0,336292156334000	71,2560386473430
voronoiNoise_16_Diagram_060	0,0702411914874050	0,332603279305000	73,6714975845411
voronoiNoise_16_Diagram_070	0,0714530531951650	0,331720474457000	74,1545893719807
voronoiNoise_16_Diagram_080	0,0771939608537900	0,322060980657000	76,8115942028986
voronoiNoise_16_Diagram_090	0,0759007810797900	0,322646283545000	75,3623188405797
voronoiNoise_16_Diagram_100	0,0770099368695400	0,321645213100000	75,1207729468599
voronoiNoise_16_Diagram_200	0,0881040713406600	0,307993463829000	81,1594202898551
voronoiNoise_16_Diagram_300	0,0876495323355950	0,309005019624000	82,3671497584541
voronoiNoise_16_Diagram_400	0,0922393434988150	0,303834505272000	84,0579710144928
voronoiNoise_16_Diagram_500	0,0955991751700500	0,299302380712000	85,9903381642512
voronoiNoise_16_Diagram_600	0,0963112253333050	0,298607842494000	85,5072463768116
voronoiNoise_16_Diagram_700	0,0869254455044750	0,307693262202000	86,7149758454106
voronoiNoise_17_Diagram_001	0,0124557529241200	0,388801399809000	29,2740046838407
voronoiNoise_17_Diagram_002	0,0227853290969000	0,384124068573000	36,5566037735849
voronoiNoise_17_Diagram_003	0,0250482434419550	0,378496672505000	42,6886792452830
voronoiNoise_17_Diagram_004	0,0290358929461100	0,373664147890000	45,7345971563981
voronoiNoise_17_Diagram_005	0,0312864651107850	0,374665018416000	46,7933491686461
voronoiNoise_17_Diagram_006	0,0425247091586500	0,365898280804000	46,2085308056872
voronoiNoise_17_Diagram_007	0,0440599208852150	0,363852670840000	46,3182897862233
voronoiNoise_17_Diagram_008	0,0430841993107550	0,366503367095000	46,7780429594272
voronoiNoise_17_Diagram_009	0,0463538887202850	0,361270988867000	50,2392344497608
voronoiNoise_17_Diagram_010	0,0458783145374700	0,359577593487000	55,6354916067146
voronoiNoise_17_Diagram_011	0,0458482793768050	0,359642632427000	54,3062200956938
voronoiNoise_17_Diagram_012	0,0515964213603600	0,355369447633000	56,2200956937799
voronoiNoise_17_Diagram_013	0,0606236569117700	0,345301733382000	57,1770334928230
voronoiNoise_17_Diagram_014	0,0532818546136850	0,351993532456000	57,1770334928230
voronoiNoise_17_Diagram_015	0,0533889741781400	0,351971992336000	57,4162679425837
voronoiNoise_17_Diagram_016	0,0612537729920100	0,342030427777000	56,2200956937799
voronoiNoise_17_Diagram_017	0,0613692764608050	0,341443069984000	55,7416267942584
voronoiNoise_17_Diagram_018	0,0428020171087800	0,363334965472000	57,6555023923445
voronoiNoise_17_Diagram_019	0,0407892365016550	0,365891598664000	58,3732057416268
voronoiNoise_17_Diagram_020	0,0513181775601200	0,355662220332000	57,9952267303103
voronoiNoise_17_Diagram_030	0,0543127956517900	0,352920519127000	60,0478468899522
voronoiNoise_17_Diagram_040	0,0594447896562300	0,343925790102000	64,5083932853717
voronoiNoise_17_Diagram_050	0,0622787604558600	0,341170910671000	66,4268585131894
voronoiNoise_17_Diagram_060	0,0694938596675600	0,332001915416000	69,9519230769231
voronoiNoise_17_Diagram_070	0,0799961502888500	0,320571406070000	71,3942307692308
voronoiNoise_17_Diagram_080	0,0800971690901100	0,320754498855000	71,3942307692308
voronoiNoise_17_Diagram_090	0,0706168164413100	0,331062836169000	73,7980769230769
voronoiNoise_17_Diagram_100	0,0817985169574050	0,316780205668000	75,2403846153846
voronoiNoise_17_Diagram_200	0,0912862437220800	0,304499303706000	80,5288461538462
voronoiNoise_17_Diagram_300	0,0908664027257700	0,304511615168000	80,5288461538462
voronoiNoise_17_Diagram_400	0,0921727346589500	0,302572664140000	81,2500000000000
voronoiNoise_17_Diagram_500	0,0804363634412350	0,316043519919000	82,8915662650603
voronoiNoise_17_Diagram_600	0,0913256215060500	0,303883139963000	84,3373493975904
voronoiNoise_17_Diagram_700	0,0937821008668150	0,300459207611000	86,2650602409639
voronoiNoise_18_Diagram_001	0,0140905605020350	0,385804653383000	33,2552693208431
voronoiNoise_18_Diagram_002	0,0184654240065650	0,384946807747000	38,2422802850356
voronoiNoise_18_Diagram_003	0,0332816951304050	0,367779917904000	44,6043165467626
voronoiNoise_18_Diagram_004	0,0295384504364200	0,371102967574000	52,4038461538462
voronoiNoise_18_Diagram_005	0,0325689230747550	0,371267328565000	53,1250000000000
voronoiNoise_18_Diagram_006	0,0473993372901850	0,355568585804000	56,7307692307692
voronoiNoise_18_Diagram_007	0,0437500536537150	0,361753300107000	59,0361445783133
voronoiNoise_18_Diagram_008	0,0481709216995100	0,355238650417000	57,5539568345324
voronoiNoise_18_Diagram_009	0,0503010627988300	0,353719469806000	59,2326139088729
voronoiNoise_18_Diagram_010	0,0520785438495900	0,353960262599000	56,5947242206235
voronoiNoise_18_Diagram_011	0,0523831206313600	0,352814363729000	58,5131894484413
voronoiNoise_18_Diagram_012	0,0540008385455650	0,351314648782000	61,1510791366907
voronoiNoise_18_Diagram_013	0,0530116987496050	0,350290190901000	62,3501199040767
voronoiNoise_18_Diagram_014	0,0525370874174850	0,351818234078000	61,5384615384615
voronoiNoise_18_Diagram_015	0,0443852333888850	0,362845426382000	62,5000000000000
voronoiNoise_18_Diagram_016	0,0621881439531300	0,341032251715000	60,5769230769231
voronoiNoise_18_Diagram_017	0,0533917298905400	0,350010448670000	61,5384615384615
voronoiNoise_18_Diagram_018	0,0576481126912100	0,346603067344000	62,0192307692308
voronoiNoise_18_Diagram_019	0,0485059949078700	0,356850478397000	62,9807692307692
voronoiNoise_18_Diagram_020	0,0693920204991050	0,332351496795000	63,2211538461539
voronoiNoise_18_Diagram_030	0,0681600717975950	0,332565340553000	66,1057692307692
voronoiNoise_18_Diagram_040	0,0729163101117550	0,327641611008000	71,1538461538462
voronoiNoise_18_Diagram_050	0,0635900274985700	0,336611425252000	70,9134615384616
voronoiNoise_18_Diagram_060	0,0738158360485200	0,325842772459000	74,0384615384616
voronoiNoise_18_Diagram_070	0,0722897089927350	0,328462399222000	73,0769230769231
voronoiNoise_18_Diagram_080	0,0648209805260800	0,335708238895000	76,4423076923077
voronoiNoise_18_Diagram_090	0,0646898394686550	0,336692517822000	76,6826923076923
voronoiNoise_18_Diagram_100	0,0779940825153300	0,321255251392000	75,7211538461538
voronoiNoise_18_Diagram_200	0,0883152992598700	0,307052911595000	83,8554216867470
voronoiNoise_18_Diagram_300	0,0890086064331150	0,307763870252000	84,3373493975904
voronoiNoise_18_Diagram_400	0,0943634303715450	0,300673106173000	84,5783132530121
voronoiNoise_18_Diagram_500	0,0961071578965400	0,298266069037000	86,0240963855422
voronoiNoise_18_Diagram_600	0,0877624214535500	0,306970933621000	85,7831325301205
voronoiNoise_18_Diagram_700	0,101465401288965	0,292618052730000	88,4337349397590
voronoiNoise_19_Diagram_001	0,0132042075761165	0,389975437152000	27,0983213429257
voronoiNoise_19_Diagram_002	0,0215256498526200	0,382224164344000	34,2105263157895
voronoiNoise_19_Diagram_003	0,0362566185844350	0,366891501118000	42,3444976076555
voronoiNoise_19_Diagram_004	0,0365986545295300	0,370774283673000	41,7874396135266
voronoiNoise_19_Diagram_005	0,0387394089079500	0,371563685397000	41,0628019323672
voronoiNoise_19_Diagram_006	0,0408398811286650	0,362729570744000	44,0963855421687
voronoiNoise_19_Diagram_007	0,0408481954015450	0,364747571188000	46,9879518072289
voronoiNoise_19_Diagram_008	0,0428070967824800	0,363095692704000	50,6024096385542
voronoiNoise_19_Diagram_009	0,0532325207900450	0,350627575076000	51,5662650602410
voronoiNoise_19_Diagram_010	0,0429290811309700	0,362522215015000	49,8795180722892
voronoiNoise_19_Diagram_011	0,0550177385119150	0,348265479086000	51,0843373493976
voronoiNoise_19_Diagram_012	0,0354841290862000	0,372148318171000	50,6024096385542
voronoiNoise_19_Diagram_013	0,0467189469110100	0,360622323157000	51,9230769230769
voronoiNoise_19_Diagram_014	0,0480213051298950	0,358197388040000	55,9036144578313
voronoiNoise_19_Diagram_015	0,0561046918055600	0,348674234733000	56,9711538461539
voronoiNoise_19_Diagram_016	0,0399938962256500	0,364882736691000	57,9326923076923
voronoiNoise_19_Diagram_017	0,0496052188685750	0,355287892179000	57,9326923076923
voronoiNoise_19_Diagram_018	0,0427883600792750	0,362116966668000	60,8173076923077
voronoiNoise_19_Diagram_019	0,0406863498959650	0,364373439603000	61,1510791366907
voronoiNoise_19_Diagram_020	0,0380541048594350	0,367960593486000	60,8173076923077
voronoiNoise_19_Diagram_030	0,0594054898658600	0,344540392638000	68,7500000000000
voronoiNoise_19_Diagram_040	0,0695780663306200	0,331283916721000	68,9903846153846
voronoiNoise_19_Diagram_050	0,0603751018050300	0,340545708907000	68,7500000000000
voronoiNoise_19_Diagram_060	0,0617028909541050	0,340817424597000	68,9903846153846
voronoiNoise_19_Diagram_070	0,0736076310769700	0,329106578781000	69,9519230769231
voronoiNoise_19_Diagram_080	0,0741970011416100	0,326430751139000	71,6346153846154
voronoiNoise_19_Diagram_090	0,0748650657949150	0,327576671394000	74,2788461538462
voronoiNoise_19_Diagram_100	0,0681170405793650	0,332526854112000	77,8846153846154
voronoiNoise_19_Diagram_200	0,0896360326760700	0,306179293127000	82,8915662650603
voronoiNoise_19_Diagram_300	0,0869959594207100	0,310071995219000	83,1325301204819
voronoiNoise_19_Diagram_400	0,0923946820012150	0,302514199217000	85,5421686746988
voronoiNoise_19_Diagram_500	0,0964625194350250	0,297740254763000	85,7487922705314
voronoiNoise_19_Diagram_600	0,100841123835770	0,292409587695000	88,8888888888889
voronoiNoise_19_Diagram_700	0,103063649174980	0,289137500439000	88,6473429951691
voronoiNoise_1_Diagram_001	0,0152451346154000	0,385228011521000	30,1662707838480
voronoiNoise_1_Diagram_002	0,0186452442783150	0,382073993795000	34,7721822541966
voronoiNoise_1_Diagram_003	0,0235823140639800	0,379055502144000	43,7799043062201
voronoiNoise_1_Diagram_004	0,0275959663397050	0,376794856651000	49,6402877697842
voronoiNoise_1_Diagram_005	0,0403178280897000	0,364724839060000	50,1204819277109
voronoiNoise_1_Diagram_006	0,0304356043759300	0,373562684587000	53,0120481927711
voronoiNoise_1_Diagram_007	0,0346827719800600	0,371897206084000	54,2168674698795
voronoiNoise_1_Diagram_008	0,0354809317897350	0,370228107608000	54,9397590361446
voronoiNoise_1_Diagram_009	0,0374266814278650	0,367007100963000	59,5180722891566
voronoiNoise_1_Diagram_010	0,0364033249584100	0,368624405406000	54,9397590361446
voronoiNoise_1_Diagram_011	0,0489272437652450	0,354965937791000	58,6538461538462
voronoiNoise_1_Diagram_012	0,0363110369054050	0,368762893224000	58,0722891566265
voronoiNoise_1_Diagram_013	0,0495573537933400	0,354498824230000	59,0361445783133
voronoiNoise_1_Diagram_014	0,0381038418757400	0,367270113901000	60,4316546762590
voronoiNoise_1_Diagram_015	0,0498053982710650	0,354510343448000	60,9112709832134
voronoiNoise_1_Diagram_016	0,0401721083920300	0,364642225356000	61,6306954436451
voronoiNoise_1_Diagram_017	0,0508961321926400	0,354634884189000	62,1103117505995
voronoiNoise_1_Diagram_018	0,0441932239694400	0,361940302985000	62,5899280575540
voronoiNoise_1_Diagram_019	0,0539058665273450	0,350572107575000	64,0287769784173
voronoiNoise_1_Diagram_020	0,0525481400556000	0,350160180617000	64,2685851318945
voronoiNoise_1_Diagram_030	0,0520685253297200	0,350976482826000	64,9880095923261
voronoiNoise_1_Diagram_040	0,0593938536682900	0,343493949946000	69,3045563549161
voronoiNoise_1_Diagram_050	0,0682953000790100	0,332345236561000	73,1414868105516
voronoiNoise_1_Diagram_060	0,0626824426916300	0,338924629117000	70,5035971223022
voronoiNoise_1_Diagram_070	0,0745873970834550	0,324858903805000	74,1007194244604
voronoiNoise_1_Diagram_080	0,0766557904525150	0,322491048914000	73,6211031175060
voronoiNoise_1_Diagram_090	0,0803861971800150	0,318498669067000	75,8373205741627
voronoiNoise_1_Diagram_100	0,0719669051332450	0,326832957122000	77,7511961722488
voronoiNoise_1_Diagram_200	0,0918009913739350	0,303152664737000	83,4928229665072
voronoiNoise_1_Diagram_300	0,0876512007689250	0,308588110314000	82,7751196172249
voronoiNoise_1_Diagram_400	0,0905342720997900	0,305942576109000	83,2535885167464
voronoiNoise_1_Diagram_500	0,0900960948857950	0,306483113990000	82,7751196172249
voronoiNoise_1_Diagram_600	0,0979733554622000	0,296453104018000	86,6028708133971
voronoiNoise_1_Diagram_700	0,101438859244285	0,292377404372000	88,5167464114833
voronoiNoise_20_Diagram_001	0,0124488252957130	0,390272697283000	28,1323877068558
voronoiNoise_20_Diagram_002	0,0187536264048150	0,382154624539000	38,9150943396226
voronoiNoise_20_Diagram_003	0,0350492833842700	0,367333526238000	41,7452830188679
voronoiNoise_20_Diagram_004	0,0351925773862800	0,367809104984000	43,9429928741093
voronoiNoise_20_Diagram_005	0,0299899539362650	0,375754831442000	46,6666666666667
voronoiNoise_20_Diagram_006	0,0304614304199800	0,372250925891000	49,0476190476190
voronoiNoise_20_Diagram_007	0,0327034528784650	0,372023591712000	47,4940334128878
voronoiNoise_20_Diagram_008	0,0433268637598050	0,360982458519000	49,7619047619048
voronoiNoise_20_Diagram_009	0,0446340425975100	0,359374304856000	50,4761904761905
voronoiNoise_20_Diagram_010	0,0454439226510150	0,358091713182000	52,1428571428571
voronoiNoise_20_Diagram_011	0,0549282316251400	0,349003669660000	52,6190476190476
voronoiNoise_20_Diagram_012	0,0459474193092600	0,358302771989000	53,5714285714286
voronoiNoise_20_Diagram_013	0,0565679825765300	0,346620592000000	54,0476190476190
voronoiNoise_20_Diagram_014	0,0491181950528300	0,354177935087000	55,4761904761905
voronoiNoise_20_Diagram_015	0,0487677854378650	0,353885604012000	55,9523809523810
voronoiNoise_20_Diagram_016	0,0489860306300100	0,354667545550000	56,2945368171021
voronoiNoise_20_Diagram_017	0,0586137642628600	0,344167460054000	57,0071258907363
voronoiNoise_20_Diagram_018	0,0481810414668950	0,354507573575000	56,5320665083135
voronoiNoise_20_Diagram_019	0,0601315870698450	0,344372593380000	56,7695961995249
voronoiNoise_20_Diagram_020	0,0486803916261350	0,357057732295000	56,9047619047619
voronoiNoise_20_Diagram_030	0,0631992099113500	0,341958799422000	60,4761904761905
voronoiNoise_20_Diagram_040	0,0657351789782550	0,339174930551000	63,5714285714286
voronoiNoise_20_Diagram_050	0,0595505893909100	0,344108554042000	67,1428571428571
voronoiNoise_20_Diagram_060	0,0638468272523900	0,338719609841000	69,2124105011933
voronoiNoise_20_Diagram_070	0,0800994862366950	0,318994959045000	75,6563245823389
voronoiNoise_20_Diagram_080	0,0805559348420000	0,317832142712000	73,7470167064439
voronoiNoise_20_Diagram_090	0,0737545463752400	0,324089787404000	77,0883054892602
voronoiNoise_20_Diagram_100	0,0738789420126350	0,324696007809000	79,2362768496420
voronoiNoise_20_Diagram_200	0,0900612993609100	0,306005899431000	82,7751196172249
voronoiNoise_20_Diagram_300	0,0927310385774250	0,303179701945000	82,7751196172249
voronoiNoise_20_Diagram_400	0,0812790513058450	0,315994735167000	84,4497607655502
voronoiNoise_20_Diagram_500	0,0944378111493500	0,301032737359000	85,6459330143541
voronoiNoise_20_Diagram_600	0,0853272062244350	0,310400158455000	85,8851674641148
voronoiNoise_20_Diagram_700	0,0943909444630200	0,300635462115000	86,8421052631579
voronoiNoise_2_Diagram_001	0,0134961637697700	0,390376210895000	31,5165876777251
voronoiNoise_2_Diagram_002	0,0309944835671000	0,371591945375000	36,5155131264917
voronoiNoise_2_Diagram_003	0,0380190778859550	0,362348471583000	43,4367541766110
voronoiNoise_2_Diagram_004	0,0411011865737850	0,361512722335000	44,7368421052632
voronoiNoise_2_Diagram_005	0,0324866186527300	0,371772228448000	45,2153110047847
voronoiNoise_2_Diagram_006	0,0336272139696050	0,370858004305000	46,1538461538462
voronoiNoise_2_Diagram_007	0,0424855041291350	0,362091966509000	45,5635491606715
voronoiNoise_2_Diagram_008	0,0350568786565900	0,373403020319000	48,4412470023981
voronoiNoise_2_Diagram_009	0,0439600838264950	0,362476138435000	48,7980769230769
voronoiNoise_2_Diagram_010	0,0555361501818150	0,348419841938000	52,5301204819277
voronoiNoise_2_Diagram_011	0,0588685535583950	0,344130277272000	55,4216867469880
voronoiNoise_2_Diagram_012	0,0576082795866700	0,347105287797000	53,0120481927711
voronoiNoise_2_Diagram_013	0,0596435209836300	0,343941987525000	53,9759036144578
voronoiNoise_2_Diagram_014	0,0609405673191800	0,343296959615000	52,5301204819277
voronoiNoise_2_Diagram_015	0,0615712536064500	0,343282822982000	55,4216867469880
voronoiNoise_2_Diagram_016	0,0618964695009900	0,343425291940000	55,7971014492754
voronoiNoise_2_Diagram_017	0,0619015909409700	0,343426839314000	56,5217391304348
voronoiNoise_2_Diagram_018	0,0614870415260050	0,342415832255000	58,4541062801932
voronoiNoise_2_Diagram_019	0,0623788588913800	0,340984396529000	60,6280193236715
voronoiNoise_2_Diagram_020	0,0533629779593750	0,353297552023000	60,0484261501211
voronoiNoise_2_Diagram_030	0,0556313665874700	0,347668199179000	64,6489104116223
voronoiNoise_2_Diagram_040	0,0678144077196100	0,334756335862000	66,3438256658596
voronoiNoise_2_Diagram_050	0,0627977307186550	0,339024902797000	70,9443099273608
voronoiNoise_2_Diagram_060	0,0743872071487550	0,327212052986000	73,8498789346247
voronoiNoise_2_Diagram_070	0,0762892617114150	0,325360711363000	73,6077481840194
voronoiNoise_2_Diagram_080	0,0683957653985750	0,331995399308000	74,8184019370460
voronoiNoise_2_Diagram_090	0,0774240407936050	0,322058908291000	74,3341404358354
voronoiNoise_2_Diagram_100	0,0726474344899550	0,326437596583000	79,6610169491525
voronoiNoise_2_Diagram_200	0,0905433701785300	0,305058017593000	81,8840579710145
voronoiNoise_2_Diagram_300	0,0930498009070050	0,302988856133000	86,2318840579710
voronoiNoise_2_Diagram_400	0,0932031391288100	0,302247053167000	86,4734299516908
voronoiNoise_2_Diagram_500	0,0932316402668350	0,301659794272000	85,0241545893720
voronoiNoise_2_Diagram_600	0,0850157421124200	0,310079199554000	85,7487922705314
voronoiNoise_2_Diagram_700	0,0912794878192600	0,303448573138000	84,2995169082126
voronoiNoise_3_Diagram_001	0,0129688090001165	0,391917471991000	26,1282660332542
voronoiNoise_3_Diagram_002	0,0308123795149350	0,373936319984000	36,4508393285372
voronoiNoise_3_Diagram_003	0,0266537793008150	0,378774991203000	42,8915662650602
voronoiNoise_3_Diagram_004	0,0294229105451600	0,373535481698000	46,9879518072289
voronoiNoise_3_Diagram_005	0,0315413946528800	0,372590459246000	50,8474576271186
voronoiNoise_3_Diagram_006	0,0336590860192600	0,371210309120000	51,4563106796117
voronoiNoise_3_Diagram_007	0,0370525441384400	0,369024897383000	51,0895883777240
voronoiNoise_3_Diagram_008	0,0363120890059550	0,367942769880000	53,0266343825666
voronoiNoise_3_Diagram_009	0,0479420921762900	0,356456558855000	54,7215496368039
voronoiNoise_3_Diagram_010	0,0503595614874650	0,354981749386000	55,0724637681159
voronoiNoise_3_Diagram_011	0,0526126017837400	0,352067116942000	56,2801932367150
voronoiNoise_3_Diagram_012	0,0543836341427050	0,350138305269000	58,6956521739131
voronoiNoise_3_Diagram_013	0,0544382213747700	0,350043483461000	57,7294685990338
voronoiNoise_3_Diagram_014	0,0436846324766500	0,361024566724000	61,1111111111111
voronoiNoise_3_Diagram_015	0,0529584544903300	0,349687456171000	61,1111111111111
voronoiNoise_3_Diagram_016	0,0616671889865200	0,340766559109000	58,4541062801932
voronoiNoise_3_Diagram_017	0,0635531870509850	0,338120319342000	60,1449275362319
voronoiNoise_3_Diagram_018	0,0541520708505500	0,347226338318000	60,6280193236715
voronoiNoise_3_Diagram_019	0,0531738573815500	0,348685846064000	61,3526570048309
voronoiNoise_3_Diagram_020	0,0660932506918300	0,335826957386000	62,0772946859903
voronoiNoise_3_Diagram_030	0,0607562986789600	0,342406949480000	69,3975903614458
voronoiNoise_3_Diagram_040	0,0666178043078700	0,333555199610000	72,0481927710844
voronoiNoise_3_Diagram_050	0,0763009865378000	0,324005731867000	73,9759036144578
voronoiNoise_3_Diagram_060	0,0682304563207850	0,332019384380000	74,4578313253012
voronoiNoise_3_Diagram_070	0,0798732971564150	0,319837012829000	73,4939759036145
voronoiNoise_3_Diagram_080	0,0690402531804900	0,330549638543000	74,2168674698795
voronoiNoise_3_Diagram_090	0,0788458783303950	0,321589547507000	75,9036144578313
voronoiNoise_3_Diagram_100	0,0797540602821600	0,320372332432000	76,3855421686747
voronoiNoise_3_Diagram_200	0,0864255644937300	0,311501165667000	81,9277108433735
voronoiNoise_3_Diagram_300	0,0982449278413250	0,296218536482000	86,5060240963855
voronoiNoise_3_Diagram_400	0,103179451011695	0,289901540209000	87,9518072289157
voronoiNoise_3_Diagram_500	0,103082099425405	0,289812006747000	86,7469879518072
voronoiNoise_3_Diagram_600	0,103148853107410	0,290210331318000	87,4698795180723
voronoiNoise_3_Diagram_700	0,101702570078335	0,291765133427000	86,9879518072289
voronoiNoise_4_Diagram_001	0,0128785659307650	0,389651865034000	26,4150943396226
voronoiNoise_4_Diagram_002	0,0214123003745300	0,384162982035000	35,5294117647059
voronoiNoise_4_Diagram_003	0,0349699496555200	0,368548888937000	40,3301886792453
voronoiNoise_4_Diagram_004	0,0390158257405850	0,365784429882000	42,5178147268409
voronoiNoise_4_Diagram_005	0,0299799065397700	0,374537573797000	45,6057007125891
voronoiNoise_4_Diagram_006	0,0407031778066200	0,365254495232000	48,6935866983373
voronoiNoise_4_Diagram_007	0,0509192929006700	0,354433045944000	49,6437054631829
voronoiNoise_4_Diagram_008	0,0444556422602850	0,360797631209000	49,1686460807601
voronoiNoise_4_Diagram_009	0,0442876536699050	0,359721541730000	50,8313539192399
voronoiNoise_4_Diagram_010	0,0455028011485200	0,357730933801000	53,3333333333333
voronoiNoise_4_Diagram_011	0,0566063193224400	0,346158298003000	54,5238095238095
voronoiNoise_4_Diagram_012	0,0476529597848400	0,357606140989000	54,2857142857143
voronoiNoise_4_Diagram_013	0,0494506695411750	0,355713423321000	55,4761904761905
voronoiNoise_4_Diagram_014	0,0619862591472550	0,341785631652000	58,5714285714286
voronoiNoise_4_Diagram_015	0,0625869023725550	0,340914074544000	59,0476190476191
voronoiNoise_4_Diagram_016	0,0531040308032300	0,351985634927000	59,2857142857143
voronoiNoise_4_Diagram_017	0,0625469177393950	0,340204301697000	59,7619047619048
voronoiNoise_4_Diagram_018	0,0640535879021100	0,339244162703000	60,2380952380952
voronoiNoise_4_Diagram_019	0,0636482675314200	0,339137806764000	60,4761904761905
voronoiNoise_4_Diagram_020	0,0529442918773100	0,349879538727000	60,7142857142857
voronoiNoise_4_Diagram_030	0,0666235368625250	0,336029179542000	63,0952380952381
voronoiNoise_4_Diagram_040	0,0672458135065050	0,334163343715000	72,8571428571429
voronoiNoise_4_Diagram_050	0,0669561173144200	0,334160017695000	71,5990453460621
voronoiNoise_4_Diagram_060	0,0709535126890950	0,328767569181000	78,0429594272076
voronoiNoise_4_Diagram_070	0,0690615661276050	0,331135621949000	75,6563245823389
voronoiNoise_4_Diagram_080	0,0710827367703150	0,329016845231000	74,7016706443914
voronoiNoise_4_Diagram_090	0,0827637187544550	0,316808061545000	76,1336515513127
voronoiNoise_4_Diagram_100	0,0822210378170400	0,317314095401000	77,5656324582339
voronoiNoise_4_Diagram_200	0,0870731323377050	0,310562938610000	80,6220095693780
voronoiNoise_4_Diagram_300	0,0936330597847600	0,302881099775000	82,0574162679426
voronoiNoise_4_Diagram_400	0,0923784618290100	0,302377914277000	83,0143540669857
voronoiNoise_4_Diagram_500	0,0980326850830500	0,295813255041000	86,6028708133971
voronoiNoise_4_Diagram_600	0,100791149237715	0,292144268018000	86,4285714285714
voronoiNoise_4_Diagram_700	0,0996995556151900	0,293914429753000	87,1428571428571
voronoiNoise_5_Diagram_001	0,0140403437041700	0,390348775818000	30,1886792452830
voronoiNoise_5_Diagram_002	0,0174568372349550	0,381886857044000	37,0546318289786
voronoiNoise_5_Diagram_003	0,0335480190247800	0,368003109137000	39,9049881235154
voronoiNoise_5_Diagram_004	0,0306104081645550	0,374883092255000	43,9140811455847
voronoiNoise_5_Diagram_005	0,0343395033333900	0,369747783323000	49,1646778042959
voronoiNoise_5_Diagram_006	0,0343691046770650	0,368549941860000	53,2219570405728
voronoiNoise_5_Diagram_007	0,0372089848025700	0,367194972875000	53,1100478468900
voronoiNoise_5_Diagram_008	0,0467660694905700	0,359754556290000	49,5215311004785
voronoiNoise_5_Diagram_009	0,0387835890288550	0,367209625718000	52,8708133971292
voronoiNoise_5_Diagram_010	0,0392855210123050	0,366209193051000	55,2631578947369
voronoiNoise_5_Diagram_011	0,0394443406536900	0,364045425531000	55,5023923444976
voronoiNoise_5_Diagram_012	0,0393463693451400	0,365243369748000	55,7416267942584
voronoiNoise_5_Diagram_013	0,0518129497261400	0,352108360537000	56,6985645933014
voronoiNoise_5_Diagram_014	0,0413345552632100	0,363508281607000	56,8345323741007
voronoiNoise_5_Diagram_015	0,0506182029747750	0,353674274459000	57,0743405275779
voronoiNoise_5_Diagram_016	0,0411492163424750	0,363130241944000	56,1151079136691
voronoiNoise_5_Diagram_017	0,0491681170279700	0,354322358397000	56,1151079136691
voronoiNoise_5_Diagram_018	0,0399307622527550	0,364366057702000	57,0743405275779
voronoiNoise_5_Diagram_019	0,0492219107531400	0,354560084310000	57,7937649880096
voronoiNoise_5_Diagram_020	0,0403168199664700	0,364703714014000	57,5539568345324
voronoiNoise_5_Diagram_030	0,0517234670190600	0,356129380360000	62,5899280575540
voronoiNoise_5_Diagram_040	0,0647430635838200	0,337692443460000	66,4268585131894
voronoiNoise_5_Diagram_050	0,0591926741319100	0,341519650717000	69,0647482014389
voronoiNoise_5_Diagram_060	0,0596657894471000	0,341160793102000	69,3045563549161
voronoiNoise_5_Diagram_070	0,0624855606333300	0,337775747340000	71,7026378896883
voronoiNoise_5_Diagram_080	0,0672636596296550	0,331361347996000	75,5395683453237
voronoiNoise_5_Diagram_090	0,0782036879256050	0,321068820937000	75,5395683453237
voronoiNoise_5_Diagram_100	0,0691477148390150	0,329608384530000	76,2589928057554
voronoiNoise_5_Diagram_200	0,0845466157249000	0,313731893912000	81,0551558752998
voronoiNoise_5_Diagram_300	0,0886761289972700	0,308138302359000	83,7320574162680
voronoiNoise_5_Diagram_400	0,0768047289251250	0,321644841492000	83,9328537170264
voronoiNoise_5_Diagram_500	0,0865015677966800	0,311053794915000	84,4124700239808
voronoiNoise_5_Diagram_600	0,0911584864339650	0,305558598939000	87,0503597122302
voronoiNoise_5_Diagram_700	0,0908998194567200	0,304595572241000	88,2494004796163
voronoiNoise_6_Diagram_001	0,0130508517972450	0,389261676854000	28,6052009456265
voronoiNoise_6_Diagram_002	0,0206522512941250	0,382749957426000	34,6793349168646
voronoiNoise_6_Diagram_003	0,0352775837944850	0,369645662336000	37,3205741626794
voronoiNoise_6_Diagram_004	0,0263231673447500	0,376307793842000	43,8095238095238
voronoiNoise_6_Diagram_005	0,0403321706922100	0,362968270230000	46,0807600950119
voronoiNoise_6_Diagram_006	0,0311548532340650	0,373830524574000	47,9809976247031
voronoiNoise_6_Diagram_007	0,0310779495256500	0,374103627061000	47,6190476190476
voronoiNoise_6_Diagram_008	0,0537358815483500	0,349788493866000	50,1187648456057
voronoiNoise_6_Diagram_009	0,0367076810512300	0,369656145008000	49,0476190476190
voronoiNoise_6_Diagram_010	0,0348708632485150	0,371395027859000	49,6437054631829
voronoiNoise_6_Diagram_011	0,0469271269967250	0,358965162932000	51,9047619047619
voronoiNoise_6_Diagram_012	0,0373760407879500	0,367373650696000	52,2565320665083
voronoiNoise_6_Diagram_013	0,0482061258800800	0,355951492888000	55,1068883610451
voronoiNoise_6_Diagram_014	0,0398984505482450	0,366284890573000	54,2857142857143
voronoiNoise_6_Diagram_015	0,0588974987824200	0,345569331956000	56,1904761904762
voronoiNoise_6_Diagram_016	0,0490067241172450	0,355561303940000	57,5178997613365
voronoiNoise_6_Diagram_017	0,0486747648646250	0,355497551169000	57,1770334928230
voronoiNoise_6_Diagram_018	0,0600449266228250	0,343874237730000	56,6985645933014
voronoiNoise_6_Diagram_019	0,0541346706441650	0,350505119713000	57,6555023923445
voronoiNoise_6_Diagram_020	0,0509710932690500	0,353669012890000	56,9377990430622
voronoiNoise_6_Diagram_030	0,0599537429092050	0,345355867285000	58,0335731414868
voronoiNoise_6_Diagram_040	0,0643237345456550	0,339577605336000	64,5083932853717
voronoiNoise_6_Diagram_050	0,0713807930087350	0,331808992987000	71,4628297362110
voronoiNoise_6_Diagram_060	0,0593712459715150	0,344987558985000	69,0647482014389
voronoiNoise_6_Diagram_070	0,0723881947839300	0,330028221653000	69,5443645083933
voronoiNoise_6_Diagram_080	0,0752435281321950	0,326955365962000	73,8609112709832
voronoiNoise_6_Diagram_090	0,0779654969967400	0,322635462689000	73,3812949640288
voronoiNoise_6_Diagram_100	0,0776562982097600	0,322931361990000	75,0599520383693
voronoiNoise_6_Diagram_200	0,0861142211946450	0,312106437759000	81,0551558752998
voronoiNoise_6_Diagram_300	0,0959521382676700	0,299167371257000	84,6522781774580
voronoiNoise_6_Diagram_400	0,0942795343481550	0,301062592585000	84,1726618705036
voronoiNoise_6_Diagram_500	0,0923800158857550	0,303255492718000	84,2105263157895
voronoiNoise_6_Diagram_600	0,0843448029874250	0,312159206604000	85,6459330143541
voronoiNoise_6_Diagram_700	0,0970557399914550	0,297668901260000	86,6028708133971
voronoiNoise_7_Diagram_001	0,0156432972482200	0,395142078999000	24,8826291079812
voronoiNoise_7_Diagram_002	0,0295319795052650	0,371787702208000	35,5971896955504
voronoiNoise_7_Diagram_003	0,0250352691772050	0,377419913410000	39,6713615023474
voronoiNoise_7_Diagram_004	0,0404700721705250	0,361203091341000	44,4705882352941
voronoiNoise_7_Diagram_005	0,0402639262048100	0,362770173045000	44,9172576832151
voronoiNoise_7_Diagram_006	0,0426722122668350	0,361329285183000	48,9361702127660
voronoiNoise_7_Diagram_007	0,0350605432816950	0,370148137529000	51,6587677725119
voronoiNoise_7_Diagram_008	0,0468442358327050	0,356725181256000	53,5545023696682
voronoiNoise_7_Diagram_009	0,0396722936518200	0,364395467026000	55,3444180522565
voronoiNoise_7_Diagram_010	0,0370633566456400	0,367807678283000	56,0283687943262
voronoiNoise_7_Diagram_011	0,0507500023483100	0,353215598932000	57,9196217494090
voronoiNoise_7_Diagram_012	0,0400658273163200	0,363251117515000	57,2104018912530
voronoiNoise_7_Diagram_013	0,0408422373077850	0,363379845646000	58,1560283687943
voronoiNoise_7_Diagram_014	0,0538388728063900	0,349746635029000	59,1016548463357
voronoiNoise_7_Diagram_015	0,0525067905285400	0,350333372297000	60,0472813238771
voronoiNoise_7_Diagram_016	0,0602292956727600	0,341736917249000	58,6288416075650
voronoiNoise_7_Diagram_017	0,0596717014500600	0,342729751336000	59,1016548463357
voronoiNoise_7_Diagram_018	0,0522027263364600	0,349944073638000	59,3380614657210
voronoiNoise_7_Diagram_019	0,0618062280805900	0,341430787628000	59,5744680851064
voronoiNoise_7_Diagram_020	0,0630370023228950	0,339757968949000	61,4657210401891
voronoiNoise_7_Diagram_030	0,0638373689934550	0,338871567627000	62,4113475177305
voronoiNoise_7_Diagram_040	0,0679730427821200	0,334031299028000	65,4028436018957
voronoiNoise_7_Diagram_050	0,0737331799341300	0,326504393713000	70,0712589073634
voronoiNoise_7_Diagram_060	0,0742265183956000	0,326593404430000	72,4465558194774
voronoiNoise_7_Diagram_070	0,0730677904276400	0,329372870447000	71,2589073634204
voronoiNoise_7_Diagram_080	0,0767928505615850	0,323874393445000	72,6840855106888
voronoiNoise_7_Diagram_090	0,0613275777010550	0,340516914873000	73,1591448931116
voronoiNoise_7_Diagram_100	0,0778791585933550	0,320781667667000	73,3966745843230
voronoiNoise_7_Diagram_200	0,0913008461957300	0,304411109224000	81,7102137767221
voronoiNoise_7_Diagram_300	0,0939091536856650	0,301032748027000	84,8341232227488
voronoiNoise_7_Diagram_400	0,0935635593427200	0,301378507037000	83,1753554502370
voronoiNoise_7_Diagram_500	0,0931453303221800	0,301639178540000	84,5971563981043
voronoiNoise_7_Diagram_600	0,0970167714281950	0,297165812982000	85,3080568720379
voronoiNoise_7_Diagram_700	0,0864948888982000	0,308542685445000	84,8341232227488
voronoiNoise_8_Diagram_001	0,0143332817944000	0,391940872393000	28,0092592592593
voronoiNoise_8_Diagram_002	0,0192267955566200	0,380076878467000	40,0932400932401
voronoiNoise_8_Diagram_003	0,0374516360995850	0,364801006123000	45,6470588235294
voronoiNoise_8_Diagram_004	0,0270968996129700	0,374610479410000	46,5882352941176
voronoiNoise_8_Diagram_005	0,0309141882962350	0,371988298205000	49,6453900709220
voronoiNoise_8_Diagram_006	0,0431195770467650	0,360330636267000	50
voronoiNoise_8_Diagram_007	0,0348025632230850	0,369951143288000	52,7315914489311
voronoiNoise_8_Diagram_008	0,0380378916982200	0,368132891429000	54,1567695961995
voronoiNoise_8_Diagram_009	0,0399257082616700	0,364755396366000	55,8194774346793
voronoiNoise_8_Diagram_010	0,0488181382197800	0,354285012063000	57,2446555819478
voronoiNoise_8_Diagram_011	0,0505752271125800	0,354435746064000	58,4323040380047
voronoiNoise_8_Diagram_012	0,0483040827670750	0,356987425565000	58,1947743467934
voronoiNoise_8_Diagram_013	0,0502479437418800	0,353418820016000	59,5238095238095
voronoiNoise_8_Diagram_014	0,0606038458681100	0,344661469205000	59,5238095238095
voronoiNoise_8_Diagram_015	0,0435364814398050	0,362752993915000	61,3365155131265
voronoiNoise_8_Diagram_016	0,0432148417093800	0,362675634784000	61,5751789976134
voronoiNoise_8_Diagram_017	0,0449320362982200	0,360288240253000	63,2458233890215
voronoiNoise_8_Diagram_018	0,0473051715646600	0,356330332075000	63,2458233890215
voronoiNoise_8_Diagram_019	0,0565983126944000	0,345838060716000	64,5238095238095
voronoiNoise_8_Diagram_020	0,0538162075315400	0,348423807565000	63,4844868735084
voronoiNoise_8_Diagram_030	0,0675756440014000	0,335132969737000	65,8711217183771
voronoiNoise_8_Diagram_040	0,0712209326326750	0,329459321990000	70,1670644391408
voronoiNoise_8_Diagram_050	0,0638377988506650	0,339155055817000	72,0095693779904
voronoiNoise_8_Diagram_060	0,0577189503500400	0,345988746914000	72,4880382775120
voronoiNoise_8_Diagram_070	0,0660718468757550	0,336030513208000	73,4449760765550
voronoiNoise_8_Diagram_080	0,0772450400892250	0,322105230521000	73,2057416267943
voronoiNoise_8_Diagram_090	0,0779872248542450	0,322061210044000	74,8803827751196
voronoiNoise_8_Diagram_100	0,0674322199440700	0,333827881583000	76,5550239234450
voronoiNoise_8_Diagram_200	0,0778904051183950	0,319424997914000	84,8920863309353
voronoiNoise_8_Diagram_300	0,0898210952904450	0,305604120566000	84,4124700239808
voronoiNoise_8_Diagram_400	0,0952710798953750	0,300120032835000	87,2901678657074
voronoiNoise_8_Diagram_500	0,0863026256132550	0,309448038631000	88,4892086330935
voronoiNoise_8_Diagram_600	0,0967518909272700	0,298005198787000	88,9423076923077
voronoiNoise_8_Diagram_700	0,0977388558484150	0,296756974175000	89,4230769230769
voronoiNoise_9_Diagram_001	0,0161887772598000	0,395093586915000	23,6276849642005
voronoiNoise_9_Diagram_002	0,0180983731043300	0,382635367919000	37,0192307692308
voronoiNoise_9_Diagram_003	0,0181478781303700	0,383011398066000	41,8269230769231
voronoiNoise_9_Diagram_004	0,0233736427152550	0,379179141605000	42,3076923076923
voronoiNoise_9_Diagram_005	0,0245473665990050	0,378457256130000	41,8269230769231
voronoiNoise_9_Diagram_006	0,0293412472197350	0,379621223900000	45,3237410071942
voronoiNoise_9_Diagram_007	0,0397555789206400	0,369204882950000	46,0431654676259
voronoiNoise_9_Diagram_008	0,0518575598814400	0,354688621477000	48,4337349397590
voronoiNoise_9_Diagram_009	0,0434794003359400	0,361233838529000	50,6024096385542
voronoiNoise_9_Diagram_010	0,0451723828111600	0,360764682089000	52,5301204819277
voronoiNoise_9_Diagram_011	0,0445961503974550	0,361702798795000	53,2530120481928
voronoiNoise_9_Diagram_012	0,0453064536863600	0,359299216257000	53,9759036144578
voronoiNoise_9_Diagram_013	0,0574228618507350	0,344923282983000	56,3855421686747
voronoiNoise_9_Diagram_014	0,0584195248816200	0,344950277962000	56,8674698795181
voronoiNoise_9_Diagram_015	0,0480009515576650	0,354775489782000	58,0722891566265
voronoiNoise_9_Diagram_016	0,0590350176137950	0,346825827173000	60,2409638554217
voronoiNoise_9_Diagram_017	0,0498294723821550	0,354125171100000	60,9638554216868
voronoiNoise_9_Diagram_018	0,0481589517587100	0,356621093656000	59,0361445783133
voronoiNoise_9_Diagram_019	0,0608489293410850	0,343234686987000	61,4457831325301
voronoiNoise_9_Diagram_020	0,0556434662495050	0,348891916063000	63,8554216867470
voronoiNoise_9_Diagram_030	0,0600160068395650	0,342743784366000	69,0821256038647
voronoiNoise_9_Diagram_040	0,0580600819185150	0,345551392816000	67,1497584541063
voronoiNoise_9_Diagram_050	0,0705254312966800	0,330750127262000	69,3236714975845
voronoiNoise_9_Diagram_060	0,0622918524914000	0,339683862748000	70,4600484261501
voronoiNoise_9_Diagram_070	0,0729590212786650	0,327587855737000	70,7021791767555
voronoiNoise_9_Diagram_080	0,0652573862994800	0,334973476326000	72,8813559322034
voronoiNoise_9_Diagram_090	0,0657109940010750	0,334125872564000	74,3341404358354
voronoiNoise_9_Diagram_100	0,0674101011508650	0,333438263283000	74,5145631067961
voronoiNoise_9_Diagram_200	0,0920915863104600	0,302709898939000	82,7669902912621
voronoiNoise_9_Diagram_300	0,0845154098210900	0,310075836836000	84,2233009708738
voronoiNoise_9_Diagram_400	0,0827186821619450	0,312682903766000	85,1941747572815
voronoiNoise_9_Diagram_500	0,0939869815026800	0,300362941637000	84,7087378640777
voronoiNoise_9_Diagram_600	0,0980333770007000	0,295325497346000	85,6796116504854
voronoiNoise_9_Diagram_700	0,0985076250308350	0,295219571991000	86,4077669902913
