voronoiNoise_10_Diagram_001	0,0893787376994650	0,484042405521000	28,0092592592593
voronoiNoise_10_Diagram_002	0,153071954076700	0,436593082371000	37,0629370629371
voronoiNoise_10_Diagram_003	0,149773986980300	0,439446811815000	45,3051643192488
voronoiNoise_10_Diagram_004	0,142278399267950	0,456946066651000	48,4633569739953
voronoiNoise_10_Diagram_005	0,192655566778900	0,408540695072000	47,2813238770686
voronoiNoise_10_Diagram_006	0,197908712832300	0,408788148046000	47,7541371158392
voronoiNoise_10_Diagram_007	0,153694926877750	0,457708957549000	50,2358490566038
voronoiNoise_10_Diagram_008	0,198808236359700	0,417456138059000	50,2358490566038
voronoiNoise_10_Diagram_009	0,152181548680750	0,472459447621000	52,1226415094340
voronoiNoise_10_Diagram_010	0,204134757903250	0,406807198801000	53,5377358490566
voronoiNoise_10_Diagram_011	0,204060050994000	0,402313858613000	54,9528301886792
voronoiNoise_10_Diagram_012	0,164850646351550	0,470150935141000	53,0660377358491
voronoiNoise_10_Diagram_013	0,209553212365600	0,398648009377000	53,5377358490566
voronoiNoise_10_Diagram_014	0,190546147926050	0,462708730883000	55,6603773584906
voronoiNoise_10_Diagram_015	0,219902983571100	0,386454818059000	57,0754716981132
voronoiNoise_10_Diagram_016	0,234646227425400	0,386566356459000	58,2547169811321
voronoiNoise_10_Diagram_017	0,257868453961350	0,333591022490000	60,1415094339623
voronoiNoise_10_Diagram_018	0,273172890761350	0,318847486069000	60,8490566037736
voronoiNoise_10_Diagram_019	0,189972314423000	0,448184607912000	61,0849056603774
voronoiNoise_10_Diagram_020	0,274353353224550	0,309264394404000	60,8490566037736
voronoiNoise_10_Diagram_030	0,292593166601900	0,292335577016000	65,4846335697399
voronoiNoise_10_Diagram_040	0,266104917880100	0,345031464765000	72,1040189125296
voronoiNoise_10_Diagram_050	0,269391847436000	0,330050336671000	71,8676122931442
voronoiNoise_10_Diagram_060	0,316973320423050	0,270634523704000	72,3404255319149
voronoiNoise_10_Diagram_070	0,316716031897850	0,262918829486000	73,2860520094563
voronoiNoise_10_Diagram_080	0,318180883921400	0,262929742822000	72,8132387706856
voronoiNoise_10_Diagram_090	0,323528365330300	0,258441199658000	76,3593380614657
voronoiNoise_10_Diagram_100	0,332942927518950	0,249156768524000	77,0685579196218
voronoiNoise_10_Diagram_200	0,343662755917950	0,228468314182000	79,3838862559242
voronoiNoise_10_Diagram_300	0,375914704924600	0,185527941953000	82,2274881516588
voronoiNoise_10_Diagram_400	0,391950243661150	0,166724771475000	83,4123222748815
voronoiNoise_10_Diagram_500	0,368960032343300	0,194485046626000	85,5106888361045
voronoiNoise_10_Diagram_600	0,385390742682450	0,172951429039000	84,5605700712589
voronoiNoise_10_Diagram_700	0,338495591645750	0,239363389449000	84,3230403800475
voronoiNoise_11_Diagram_001	0,128032901017900	0,500137308930000	27,1428571428571
voronoiNoise_11_Diagram_002	0,105534377582210	0,497307027756000	34,4418052256532
voronoiNoise_11_Diagram_003	0,118363405461920	0,506256146096000	40,9523809523810
voronoiNoise_11_Diagram_004	0,132698401891950	0,483000197325000	46,3007159904535
voronoiNoise_11_Diagram_005	0,156159817909350	0,480495026699000	48,6873508353222
voronoiNoise_11_Diagram_006	0,172886375164500	0,426561985647000	51,6666666666667
voronoiNoise_11_Diagram_007	0,161588208523300	0,472504646942000	52,7446300715990
voronoiNoise_11_Diagram_008	0,217151407476500	0,387686397001000	54,0476190476190
voronoiNoise_11_Diagram_009	0,222625673538150	0,381777180385000	57,3809523809524
voronoiNoise_11_Diagram_010	0,189271647459300	0,454527818350000	55,1312649164678
voronoiNoise_11_Diagram_011	0,181991690460400	0,446350319123000	58,4725536992840
voronoiNoise_11_Diagram_012	0,184806531072650	0,442741400675000	56,3245823389022
voronoiNoise_11_Diagram_013	0,236707742493100	0,377975403385000	58,9498806682578
voronoiNoise_11_Diagram_014	0,214070668885850	0,401211632785000	57,9952267303103
voronoiNoise_11_Diagram_015	0,239397653865450	0,375664268031000	58,8516746411483
voronoiNoise_11_Diagram_016	0,207765399460400	0,446224209856000	58,6124401913876
voronoiNoise_11_Diagram_017	0,189214794708200	0,440763764049000	59,5693779904306
voronoiNoise_11_Diagram_018	0,276049614713800	0,304617770396000	57,4162679425837
voronoiNoise_11_Diagram_019	0,248234515453500	0,354623689262000	60,5263157894737
voronoiNoise_11_Diagram_020	0,242623514452000	0,360453106558000	61,0047846889952
voronoiNoise_11_Diagram_030	0,260403522580850	0,336668242536000	65,1551312649165
voronoiNoise_11_Diagram_040	0,258696588292650	0,338527810310000	67,0644391408115
voronoiNoise_11_Diagram_050	0,275566518464450	0,312245869027000	70,0956937799043
voronoiNoise_11_Diagram_060	0,313384475919550	0,264441117581000	72,9665071770335
voronoiNoise_11_Diagram_070	0,330679878245500	0,245758907723000	75,5395683453237
voronoiNoise_11_Diagram_080	0,333449276434200	0,241318647751000	76,7386091127098
voronoiNoise_11_Diagram_090	0,288838473920300	0,305217512460000	76,7386091127098
voronoiNoise_11_Diagram_100	0,340003671717100	0,235682574943000	78,6570743405276
voronoiNoise_11_Diagram_200	0,364266934242050	0,208047226957000	81,8181818181818
voronoiNoise_11_Diagram_300	0,363691834308300	0,211035299516000	84,4497607655502
voronoiNoise_11_Diagram_400	0,361317728687350	0,213209417387000	85,4066985645933
voronoiNoise_11_Diagram_500	0,367326086337250	0,213538803594000	86,1575178997613
voronoiNoise_11_Diagram_600	0,365849494353250	0,209861346688000	86,1575178997613
voronoiNoise_11_Diagram_700	0,371905841445700	0,198696108395000	86,3961813842482
voronoiNoise_12_Diagram_001	0,0963362337872700	0,515794654042000	28,2238442822384
voronoiNoise_12_Diagram_002	0,106104332101905	0,512739617361000	34,3750000000000
voronoiNoise_12_Diagram_003	0,120899393596500	0,497946145899000	41,2048192771084
voronoiNoise_12_Diagram_004	0,126445488822575	0,481958395187000	42,1686746987952
voronoiNoise_12_Diagram_005	0,141890919905050	0,491781454984000	46,6183574879227
voronoiNoise_12_Diagram_006	0,151359599203800	0,482621340050000	52,3002421307506
voronoiNoise_12_Diagram_007	0,154085363077600	0,487119305139000	51,5738498789346
voronoiNoise_12_Diagram_008	0,175505763963700	0,474948967414000	54,4794188861986
voronoiNoise_12_Diagram_009	0,209962369212250	0,418350710407000	56,4164648910412
voronoiNoise_12_Diagram_010	0,168518500025750	0,472796898795000	58,4541062801932
voronoiNoise_12_Diagram_011	0,218202443261700	0,401289016651000	58,6956521739131
voronoiNoise_12_Diagram_012	0,161218123474350	0,475957083721000	55,5555555555556
voronoiNoise_12_Diagram_013	0,235006330557700	0,405434136074000	59,1787439613527
voronoiNoise_12_Diagram_014	0,213852749033900	0,463234151736000	59,4202898550725
voronoiNoise_12_Diagram_015	0,222104367853800	0,383223227700000	59,9033816425121
voronoiNoise_12_Diagram_016	0,222851495012250	0,423683309003000	62,3188405797101
voronoiNoise_12_Diagram_017	0,198751518345500	0,462831852355000	62,6506024096386
voronoiNoise_12_Diagram_018	0,279486846126650	0,314973867937000	63,8554216867470
voronoiNoise_12_Diagram_019	0,238936637881700	0,373690995151000	64,8192771084337
voronoiNoise_12_Diagram_020	0,276642438545200	0,317939954402000	65,7831325301205
voronoiNoise_12_Diagram_030	0,265288251061200	0,336735641458000	70,1204819277108
voronoiNoise_12_Diagram_040	0,264153161779600	0,343499273025000	70,1204819277108
voronoiNoise_12_Diagram_050	0,325243562738350	0,256755742916000	73,7349397590361
voronoiNoise_12_Diagram_060	0,326481661615400	0,250604734613000	74,4578313253012
voronoiNoise_12_Diagram_070	0,290397109211850	0,298466106924000	76,3855421686747
voronoiNoise_12_Diagram_080	0,335892866808050	0,229235812432000	75,1807228915663
voronoiNoise_12_Diagram_090	0,348116704911650	0,219707649271000	78,7951807228916
voronoiNoise_12_Diagram_100	0,339899545992050	0,229593827177000	79,7590361445783
voronoiNoise_12_Diagram_200	0,358142540536450	0,208802955360000	82,8915662650603
voronoiNoise_12_Diagram_300	0,353751098346600	0,218140546282000	84,5783132530121
voronoiNoise_12_Diagram_400	0,371102577770650	0,189614596364000	85,0961538461538
voronoiNoise_12_Diagram_500	0,366697489082500	0,195654878570000	84,3750000000000
voronoiNoise_12_Diagram_600	0,359451034436750	0,201247575412000	84,6153846153846
voronoiNoise_12_Diagram_700	0,368151561561050	0,196817083307000	86,2980769230769
voronoiNoise_13_Diagram_001	0,0852615821843700	0,508753858349000	32,3809523809524
voronoiNoise_13_Diagram_002	0,110169787719915	0,502147965495000	39,9527186761229
voronoiNoise_13_Diagram_003	0,116851308139740	0,486273529735000	43,7054631828979
voronoiNoise_13_Diagram_004	0,168046933742150	0,421519188948000	45,9330143540670
voronoiNoise_13_Diagram_005	0,184167281504400	0,415445059138000	44,3914081145585
voronoiNoise_13_Diagram_006	0,161795683141600	0,442629285461000	47,4940334128878
voronoiNoise_13_Diagram_007	0,164210768925850	0,440497566219000	48,4486873508353
voronoiNoise_13_Diagram_008	0,187797818534150	0,416981617325000	46,7780429594272
voronoiNoise_13_Diagram_009	0,141706028071650	0,481433788460000	50
voronoiNoise_13_Diagram_010	0,189248869327700	0,416646625114000	50,4784688995215
voronoiNoise_13_Diagram_011	0,195386653422300	0,417443412705000	52,3923444976077
voronoiNoise_13_Diagram_012	0,225261157166900	0,407667152282000	52,8708133971292
voronoiNoise_13_Diagram_013	0,225897006415350	0,404102408967000	54,3062200956938
voronoiNoise_13_Diagram_014	0,234083410031700	0,397246077793000	57,1770334928230
voronoiNoise_13_Diagram_015	0,234627011166300	0,394271557190000	57,3141486810552
voronoiNoise_13_Diagram_016	0,224321389899000	0,399700119406000	54,9160671462830
voronoiNoise_13_Diagram_017	0,192598601919550	0,441358813871000	55,6354916067146
voronoiNoise_13_Diagram_018	0,234510452109850	0,378348137477000	53,7170263788969
voronoiNoise_13_Diagram_019	0,214289792219200	0,397192274765000	54,6762589928058
voronoiNoise_13_Diagram_020	0,226491399645750	0,393337557151000	55,8752997601918
voronoiNoise_13_Diagram_030	0,268615916776400	0,313902173208000	59,7122302158273
voronoiNoise_13_Diagram_040	0,293631581844150	0,308354486579000	65,4676258992806
voronoiNoise_13_Diagram_050	0,276192001452300	0,308576731826000	69,7841726618705
voronoiNoise_13_Diagram_060	0,299947482738150	0,287599320709000	73,6211031175060
voronoiNoise_13_Diagram_070	0,306967666238750	0,281737734392000	74,3405275779377
voronoiNoise_13_Diagram_080	0,298674455031250	0,286238992513000	73,3812949640288
voronoiNoise_13_Diagram_090	0,259567290306650	0,343159439692000	74,8201438848921
voronoiNoise_13_Diagram_100	0,308115212997800	0,273440508952000	74,5803357314149
voronoiNoise_13_Diagram_200	0,357178282329250	0,221295988946000	81,5347721822542
voronoiNoise_13_Diagram_300	0,351514940050500	0,223263971519000	83,6538461538462
voronoiNoise_13_Diagram_400	0,369693991761900	0,197429500776000	82,9326923076923
voronoiNoise_13_Diagram_500	0,369156311393550	0,196634741450000	84,8557692307692
voronoiNoise_13_Diagram_600	0,363436390143900	0,201831067348000	85,8173076923077
voronoiNoise_13_Diagram_700	0,383707900426050	0,182545250409000	86,5384615384616
voronoiNoise_14_Diagram_001	0,0900430918514050	0,502366451237000	29,3427230046948
voronoiNoise_14_Diagram_002	0,127111997194000	0,453680917564000	37,4407582938389
voronoiNoise_14_Diagram_003	0,119433328350130	0,488761255401000	41,0926365795724
voronoiNoise_14_Diagram_004	0,140290845233350	0,482614151383000	42,3809523809524
voronoiNoise_14_Diagram_005	0,191440926747650	0,417132430556000	45,9523809523810
voronoiNoise_14_Diagram_006	0,137630476413950	0,471727352205000	45,4761904761905
voronoiNoise_14_Diagram_007	0,171302248602000	0,424819927373000	47,2684085510689
voronoiNoise_14_Diagram_008	0,189698764001350	0,402789320432000	50,1193317422434
voronoiNoise_14_Diagram_009	0,143344652318800	0,455680087270000	51,7899761336516
voronoiNoise_14_Diagram_010	0,190018400097300	0,465582855355000	54,6539379474940
voronoiNoise_14_Diagram_011	0,189442343792300	0,465303904685000	56,0859188544153
voronoiNoise_14_Diagram_012	0,203015331671000	0,451015729801000	55,8472553699284
voronoiNoise_14_Diagram_013	0,231532054768900	0,372257400159000	58,7112171837709
voronoiNoise_14_Diagram_014	0,269340459643950	0,321765010138000	56,8019093078759
voronoiNoise_14_Diagram_015	0,225764144328000	0,382021346184000	58,2338902147971
voronoiNoise_14_Diagram_016	0,177745792318400	0,456330248121000	57,9952267303103
voronoiNoise_14_Diagram_017	0,180209511840000	0,460363743894000	58,7112171837709
voronoiNoise_14_Diagram_018	0,275323192169200	0,306852143520000	58,4725536992840
voronoiNoise_14_Diagram_019	0,240506029212800	0,354858468985000	60,6205250596659
voronoiNoise_14_Diagram_020	0,210042879658900	0,421358984478000	62,5298329355609
voronoiNoise_14_Diagram_030	0,301537360786250	0,288210118715000	65,5502392344498
voronoiNoise_14_Diagram_040	0,266305555509900	0,342297972716000	66,9856459330144
voronoiNoise_14_Diagram_050	0,336860118430550	0,235903583490000	73,4449760765550
voronoiNoise_14_Diagram_060	0,336242006674200	0,236385180785000	72,9665071770335
voronoiNoise_14_Diagram_070	0,341323266181800	0,231614976036000	74,7016706443914
voronoiNoise_14_Diagram_080	0,342569744444100	0,232837495941000	75,8949880668258
voronoiNoise_14_Diagram_090	0,340989274324800	0,236709625121000	75,5980861244019
voronoiNoise_14_Diagram_100	0,329153898087100	0,248411705654000	75,5980861244019
voronoiNoise_14_Diagram_200	0,346430367581400	0,232174108768000	77,9904306220096
voronoiNoise_14_Diagram_300	0,366012368010700	0,191859241108000	85,4066985645933
voronoiNoise_14_Diagram_400	0,381885362312200	0,172544176825000	85,1674641148325
voronoiNoise_14_Diagram_500	0,416088800438900	0,135357644794000	85,4066985645933
voronoiNoise_14_Diagram_600	0,446163241871750	0,101932155622000	87,0813397129187
voronoiNoise_14_Diagram_700	0,455385933665350	0,0901999060642000	87,7990430622010
voronoiNoise_15_Diagram_001	0,0969419807031050	0,502543804849000	25,8215962441315
voronoiNoise_15_Diagram_002	0,100556250042520	0,506701609970000	33,4894613583138
voronoiNoise_15_Diagram_003	0,102449904872625	0,494877793158000	45,6674473067916
voronoiNoise_15_Diagram_004	0,114989486871540	0,488972164634000	46,6042154566745
voronoiNoise_15_Diagram_005	0,167953131054600	0,424190785773000	50,3512880562061
voronoiNoise_15_Diagram_006	0,118389847348405	0,485683559364000	55,3990610328639
voronoiNoise_15_Diagram_007	0,141548832253500	0,485014811839000	57,7464788732394
voronoiNoise_15_Diagram_008	0,195863895088850	0,418253827334000	55,8685446009390
voronoiNoise_15_Diagram_009	0,195585218204300	0,417098976268000	56,0000000000000
voronoiNoise_15_Diagram_010	0,200325413962000	0,410076322238000	55,2941176470588
voronoiNoise_15_Diagram_011	0,157547382721250	0,473562019780000	55,2941176470588
voronoiNoise_15_Diagram_012	0,178261480192750	0,433919110181000	56,1320754716981
voronoiNoise_15_Diagram_013	0,166768112468650	0,463020120080000	58,6288416075650
voronoiNoise_15_Diagram_014	0,234172309913000	0,406694191007000	60,9929078014184
voronoiNoise_15_Diagram_015	0,243124811184800	0,402024758035000	62,1749408983452
voronoiNoise_15_Diagram_016	0,188559064954400	0,457002001985000	61,2293144208038
voronoiNoise_15_Diagram_017	0,228077339722100	0,385621004092000	61,2293144208038
voronoiNoise_15_Diagram_018	0,207089399236750	0,449551807880000	62,1749408983452
voronoiNoise_15_Diagram_019	0,237795328180850	0,365051295462000	63,1205673758865
voronoiNoise_15_Diagram_020	0,235678502346400	0,361487914706000	62,4113475177305
voronoiNoise_15_Diagram_030	0,255217083242950	0,344916808389000	66,5876777251185
voronoiNoise_15_Diagram_040	0,308057731476950	0,269369556282000	68,9573459715640
voronoiNoise_15_Diagram_050	0,271420528639150	0,338241081974000	70,7838479809976
voronoiNoise_15_Diagram_060	0,271632880976250	0,323057931681000	72,9216152019002
voronoiNoise_15_Diagram_070	0,320646921586700	0,253926844159000	74,1092636579572
voronoiNoise_15_Diagram_080	0,320720627998350	0,256143911668000	74,5843230403801
voronoiNoise_15_Diagram_090	0,327122645858100	0,245972052833000	75,0593824228028
voronoiNoise_15_Diagram_100	0,344298106609300	0,228435442262000	75,7719714964371
voronoiNoise_15_Diagram_200	0,345326893755400	0,227456649271000	82,4228028503563
voronoiNoise_15_Diagram_300	0,349983374717900	0,216859149574000	83,8479809976247
voronoiNoise_15_Diagram_400	0,358922199548650	0,212230649994000	86,2232779097387
voronoiNoise_15_Diagram_500	0,358481348541950	0,215028724925000	85,5106888361045
voronoiNoise_15_Diagram_600	0,362411834746700	0,207508737873000	86,9358669833729
voronoiNoise_15_Diagram_700	0,318362889706400	0,268261304389000	87,4109263657957
voronoiNoise_16_Diagram_001	0,0943784930281350	0,495682903496000	31,6037735849057
voronoiNoise_16_Diagram_002	0,118048112763395	0,497887277524000	38,8489208633094
voronoiNoise_16_Diagram_003	0,159527885792200	0,432713579442000	43,7799043062201
voronoiNoise_16_Diagram_004	0,165829761973750	0,422616118601000	47,1291866028708
voronoiNoise_16_Diagram_005	0,129690027320800	0,481674550949000	44,8441247002398
voronoiNoise_16_Diagram_006	0,189875372548200	0,414414365187000	47,7218225419664
voronoiNoise_16_Diagram_007	0,190678549945150	0,413244849819000	48,3173076923077
voronoiNoise_16_Diagram_008	0,154710395725950	0,466130855516000	53,1250000000000
voronoiNoise_16_Diagram_009	0,201364298590000	0,411185790255000	54,3269230769231
voronoiNoise_16_Diagram_010	0,200909129204700	0,416204873060000	52,8846153846154
voronoiNoise_16_Diagram_011	0,205504193977700	0,410336335717000	53,0120481927711
voronoiNoise_16_Diagram_012	0,200094637139950	0,423876603068000	52,2891566265060
voronoiNoise_16_Diagram_013	0,206924060446900	0,412103852236000	53,4939759036145
voronoiNoise_16_Diagram_014	0,224893657305000	0,387446927442000	54,9397590361446
voronoiNoise_16_Diagram_015	0,172774909529050	0,453903891497000	53,9759036144578
voronoiNoise_16_Diagram_016	0,265996346153550	0,324089886757000	57,1084337349398
voronoiNoise_16_Diagram_017	0,266010044848950	0,324168213711000	57,5903614457831
voronoiNoise_16_Diagram_018	0,278203132209750	0,303116268368000	60
voronoiNoise_16_Diagram_019	0,238491442604550	0,381114780179000	61,6867469879518
voronoiNoise_16_Diagram_020	0,283212693732650	0,309829098238000	62,6506024096386
voronoiNoise_16_Diagram_030	0,279542496365950	0,310505929027000	65,5421686746988
voronoiNoise_16_Diagram_040	0,287470104982650	0,293589935732000	67,4698795180723
voronoiNoise_16_Diagram_050	0,293898840580550	0,293942023507000	71,2560386473430
voronoiNoise_16_Diagram_060	0,303282352119900	0,287163543913000	73,6714975845411
voronoiNoise_16_Diagram_070	0,302702909819300	0,291878617702000	74,1545893719807
voronoiNoise_16_Diagram_080	0,322016197242950	0,255561169075000	76,8115942028986
voronoiNoise_16_Diagram_090	0,320036486862450	0,254149923664000	75,3623188405797
voronoiNoise_16_Diagram_100	0,326372193212600	0,250294455167000	75,1207729468599
voronoiNoise_16_Diagram_200	0,359383974738500	0,210115513435000	81,1594202898551
voronoiNoise_16_Diagram_300	0,350831110852750	0,222778058370000	82,3671497584541
voronoiNoise_16_Diagram_400	0,367798335035300	0,201836476466000	84,0579710144928
voronoiNoise_16_Diagram_500	0,375875659478000	0,188144025873000	85,9903381642512
voronoiNoise_16_Diagram_600	0,374490944181050	0,195405288895000	85,5072463768116
voronoiNoise_16_Diagram_700	0,329457654359950	0,246141597627000	86,7149758454106
voronoiNoise_17_Diagram_001	0,0879790823221650	0,497651689210000	29,2740046838407
voronoiNoise_17_Diagram_002	0,110553901721615	0,502051899792000	36,5566037735849
voronoiNoise_17_Diagram_003	0,151170879401500	0,451090155608000	42,6886792452830
voronoiNoise_17_Diagram_004	0,162809888935000	0,443805141602000	45,7345971563981
voronoiNoise_17_Diagram_005	0,149536874052950	0,505431338702000	46,7933491686461
voronoiNoise_17_Diagram_006	0,189855694854250	0,433835491504000	46,2085308056872
voronoiNoise_17_Diagram_007	0,196575396708100	0,434728117425000	46,3182897862233
voronoiNoise_17_Diagram_008	0,203835361449550	0,427193590119000	46,7780429594272
voronoiNoise_17_Diagram_009	0,210764975540650	0,420934644686000	50,2392344497608
voronoiNoise_17_Diagram_010	0,208068744790250	0,404537957921000	55,6354916067146
voronoiNoise_17_Diagram_011	0,208772870988300	0,402963221891000	54,3062200956938
voronoiNoise_17_Diagram_012	0,258092110242950	0,347974501809000	56,2200956937799
voronoiNoise_17_Diagram_013	0,266693817989800	0,337025802632000	57,1770334928230
voronoiNoise_17_Diagram_014	0,229963788814450	0,398777121879000	57,1770334928230
voronoiNoise_17_Diagram_015	0,229234656507600	0,399138550876000	57,4162679425837
voronoiNoise_17_Diagram_016	0,264751155635850	0,326347163813000	56,2200956937799
voronoiNoise_17_Diagram_017	0,266312347098700	0,325250317699000	55,7416267942584
voronoiNoise_17_Diagram_018	0,206147154104900	0,419517845083000	57,6555023923445
voronoiNoise_17_Diagram_019	0,170554603897500	0,462253704346000	58,3732057416268
voronoiNoise_17_Diagram_020	0,225172068622300	0,401726909759000	57,9952267303103
voronoiNoise_17_Diagram_030	0,266848682440700	0,330479811298000	60,0478468899522
voronoiNoise_17_Diagram_040	0,253652553645850	0,366851372525000	64,5083932853717
voronoiNoise_17_Diagram_050	0,255672555886200	0,354415054706000	66,4268585131894
voronoiNoise_17_Diagram_060	0,273592814462750	0,329725355479000	69,9519230769231
voronoiNoise_17_Diagram_070	0,323339239277500	0,263539582863000	71,3942307692308
voronoiNoise_17_Diagram_080	0,321750356257700	0,265181122154000	71,3942307692308
voronoiNoise_17_Diagram_090	0,280454645619950	0,329825241336000	73,7980769230769
voronoiNoise_17_Diagram_100	0,331898061363800	0,248068648792000	75,2403846153846
voronoiNoise_17_Diagram_200	0,355834554246950	0,214954725922000	80,5288461538462
voronoiNoise_17_Diagram_300	0,359969340316400	0,207385836952000	80,5288461538462
voronoiNoise_17_Diagram_400	0,361518371922700	0,201145188313000	81,2500000000000
voronoiNoise_17_Diagram_500	0,320393987094700	0,273336653673000	82,8915662650603
voronoiNoise_17_Diagram_600	0,368001118208100	0,198577908278000	84,3373493975904
voronoiNoise_17_Diagram_700	0,370523611414600	0,193648090842000	86,2650602409639
voronoiNoise_18_Diagram_001	0,0873964702805550	0,490503416005000	33,2552693208431
voronoiNoise_18_Diagram_002	0,0933699680997800	0,504530266414000	38,2422802850356
voronoiNoise_18_Diagram_003	0,159344379158000	0,431049014515000	44,6043165467626
voronoiNoise_18_Diagram_004	0,122691141071195	0,483356851137000	52,4038461538462
voronoiNoise_18_Diagram_005	0,145718603844950	0,484205845072000	53,1250000000000
voronoiNoise_18_Diagram_006	0,193349710038200	0,417256721031000	56,7307692307692
voronoiNoise_18_Diagram_007	0,198279560840050	0,426534940635000	59,0361445783133
voronoiNoise_18_Diagram_008	0,212788075524750	0,412740659295000	57,5539568345324
voronoiNoise_18_Diagram_009	0,213661321851350	0,412951391212000	59,2326139088729
voronoiNoise_18_Diagram_010	0,249700208462500	0,352431758113000	56,5947242206235
voronoiNoise_18_Diagram_011	0,250261478671250	0,352252059981000	58,5131894484413
voronoiNoise_18_Diagram_012	0,252194874386100	0,350857736372000	61,1510791366907
voronoiNoise_18_Diagram_013	0,226009812278250	0,400469919203000	62,3501199040767
voronoiNoise_18_Diagram_014	0,223838579456750	0,403898016670000	61,5384615384615
voronoiNoise_18_Diagram_015	0,181210535769700	0,468310677873000	62,5000000000000
voronoiNoise_18_Diagram_016	0,267640404261950	0,324912995881000	60,5769230769231
voronoiNoise_18_Diagram_017	0,225241287896150	0,386390264789000	61,5384615384615
voronoiNoise_18_Diagram_018	0,232405319984150	0,384149494305000	62,0192307692308
voronoiNoise_18_Diagram_019	0,196777329387650	0,455029255013000	62,9807692307692
voronoiNoise_18_Diagram_020	0,288534661718550	0,301531491249000	63,2211538461539
voronoiNoise_18_Diagram_030	0,291416890161050	0,286054985946000	66,1057692307692
voronoiNoise_18_Diagram_040	0,308110819233500	0,275220585922000	71,1538461538462
voronoiNoise_18_Diagram_050	0,294754780731550	0,282233873633000	70,9134615384616
voronoiNoise_18_Diagram_060	0,315620695981500	0,259920929619000	74,0384615384616
voronoiNoise_18_Diagram_070	0,304066125328150	0,271029811275000	73,0769230769231
voronoiNoise_18_Diagram_080	0,282443181780100	0,329930075561000	76,4423076923077
voronoiNoise_18_Diagram_090	0,265993630313450	0,333813846189000	76,6826923076923
voronoiNoise_18_Diagram_100	0,324027895191650	0,250314533404000	75,7211538461538
voronoiNoise_18_Diagram_200	0,358313673647350	0,212555304328000	83,8554216867470
voronoiNoise_18_Diagram_300	0,352990965787300	0,222531319852000	84,3373493975904
voronoiNoise_18_Diagram_400	0,365083914680650	0,205277073791000	84,5783132530121
voronoiNoise_18_Diagram_500	0,376099202598850	0,188719225701000	86,0240963855422
voronoiNoise_18_Diagram_600	0,365614374322050	0,193507181945000	85,7831325301205
voronoiNoise_18_Diagram_700	0,395564187355300	0,169581627469000	88,4337349397590
voronoiNoise_19_Diagram_001	0,0958718064829000	0,509811847051000	27,0983213429257
voronoiNoise_19_Diagram_002	0,116123452958975	0,508206575380000	34,2105263157895
voronoiNoise_19_Diagram_003	0,178523023813950	0,427036043530000	42,3444976076555
voronoiNoise_19_Diagram_004	0,171390786088600	0,436654623737000	41,7874396135266
voronoiNoise_19_Diagram_005	0,195767794361100	0,448283518201000	41,0628019323672
voronoiNoise_19_Diagram_006	0,187406888145400	0,415506633713000	44,0963855421687
voronoiNoise_19_Diagram_007	0,195857982317850	0,428625577252000	46,9879518072289
voronoiNoise_19_Diagram_008	0,200003360375850	0,403032370448000	50,6024096385542
voronoiNoise_19_Diagram_009	0,243204513073500	0,335227095913000	51,5662650602410
voronoiNoise_19_Diagram_010	0,226439936421750	0,356139099252000	49,8795180722892
voronoiNoise_19_Diagram_011	0,241554766077700	0,347731114698000	51,0843373493976
voronoiNoise_19_Diagram_012	0,164209306370900	0,490320841227000	50,6024096385542
voronoiNoise_19_Diagram_013	0,207890147364200	0,427805170043000	51,9230769230769
voronoiNoise_19_Diagram_014	0,200067385940200	0,416007052929000	55,9036144578313
voronoiNoise_19_Diagram_015	0,239720134228600	0,350957666926000	56,9711538461539
voronoiNoise_19_Diagram_016	0,163040727659950	0,470837034587000	57,9326923076923
voronoiNoise_19_Diagram_017	0,212147555998000	0,406804832596000	57,9326923076923
voronoiNoise_19_Diagram_018	0,168516064854250	0,470497497751000	60,8173076923077
voronoiNoise_19_Diagram_019	0,167636065966100	0,468072031576000	61,1510791366907
voronoiNoise_19_Diagram_020	0,165304883003950	0,471641271316000	60,8173076923077
voronoiNoise_19_Diagram_030	0,238615918232500	0,385535830651000	68,7500000000000
voronoiNoise_19_Diagram_040	0,284944601701950	0,306116069012000	68,9903846153846
voronoiNoise_19_Diagram_050	0,266228175184150	0,312768800890000	68,7500000000000
voronoiNoise_19_Diagram_060	0,254741281121950	0,353423886512000	68,9903846153846
voronoiNoise_19_Diagram_070	0,302796844827700	0,288805193630000	69,9519230769231
voronoiNoise_19_Diagram_080	0,305016289079900	0,285330144268000	71,6346153846154
voronoiNoise_19_Diagram_090	0,302168806687000	0,288183235970000	74,2788461538462
voronoiNoise_19_Diagram_100	0,291700886648300	0,292433331673000	77,8846153846154
voronoiNoise_19_Diagram_200	0,352124627271350	0,223090028579000	82,8915662650603
voronoiNoise_19_Diagram_300	0,344137162296850	0,231711235291000	83,1325301204819
voronoiNoise_19_Diagram_400	0,367462548754500	0,192392280019000	85,5421686746988
voronoiNoise_19_Diagram_500	0,394128965313350	0,167320449336000	85,7487922705314
voronoiNoise_19_Diagram_600	0,407860049343550	0,150466773822000	88,8888888888889
voronoiNoise_19_Diagram_700	0,419652513719500	0,129692782162000	88,6473429951691
voronoiNoise_1_Diagram_001	0,0876316956607050	0,493267886923000	30,1662707838480
voronoiNoise_1_Diagram_002	0,106240318953390	0,493648052101000	34,7721822541966
voronoiNoise_1_Diagram_003	0,115490314283900	0,495845306685000	43,7799043062201
voronoiNoise_1_Diagram_004	0,127851754507370	0,482025675137000	49,6402877697842
voronoiNoise_1_Diagram_005	0,183054078546300	0,424131733271000	50,1204819277109
voronoiNoise_1_Diagram_006	0,151594356775250	0,490355433093000	53,0120481927711
voronoiNoise_1_Diagram_007	0,190546729126550	0,447226650995000	54,2168674698795
voronoiNoise_1_Diagram_008	0,179800175820550	0,438945504376000	54,9397590361446
voronoiNoise_1_Diagram_009	0,159585952264900	0,462687883649000	59,5180722891566
voronoiNoise_1_Diagram_010	0,153747134757800	0,465399009766000	54,9397590361446
voronoiNoise_1_Diagram_011	0,205205742600850	0,405457180848000	58,6538461538462
voronoiNoise_1_Diagram_012	0,152419349460050	0,475099382388000	58,0722891566265
voronoiNoise_1_Diagram_013	0,206403200959450	0,407788779534000	59,0361445783133
voronoiNoise_1_Diagram_014	0,181956230127900	0,427919918905000	60,4316546762590
voronoiNoise_1_Diagram_015	0,207993415186000	0,401860446684000	60,9112709832134
voronoiNoise_1_Diagram_016	0,188408753826000	0,421383723909000	61,6306954436451
voronoiNoise_1_Diagram_017	0,211407182721400	0,404010162478000	62,1103117505995
voronoiNoise_1_Diagram_018	0,207444016589500	0,397410560188000	62,5899280575540
voronoiNoise_1_Diagram_019	0,227727728239250	0,375869631836000	64,0287769784173
voronoiNoise_1_Diagram_020	0,244421314108450	0,343361514019000	64,2685851318945
voronoiNoise_1_Diagram_030	0,222657909326850	0,384591842028000	64,9880095923261
voronoiNoise_1_Diagram_040	0,260870542862600	0,351189291898000	69,3045563549161
voronoiNoise_1_Diagram_050	0,306819736842550	0,272747107810000	73,1414868105516
voronoiNoise_1_Diagram_060	0,254638588412100	0,343136093377000	70,5035971223022
voronoiNoise_1_Diagram_070	0,305403857566550	0,270919215918000	74,1007194244604
voronoiNoise_1_Diagram_080	0,311698595270750	0,264481515099000	73,6211031175060
voronoiNoise_1_Diagram_090	0,320374997304300	0,255950786115000	75,8373205741627
voronoiNoise_1_Diagram_100	0,278196288043250	0,316208887470000	77,7511961722488
voronoiNoise_1_Diagram_200	0,359023367774750	0,206449289876000	83,4928229665072
voronoiNoise_1_Diagram_300	0,337728705546350	0,230439289300000	82,7751196172249
voronoiNoise_1_Diagram_400	0,348430399777800	0,218332686562000	83,2535885167464
voronoiNoise_1_Diagram_500	0,353642887662400	0,212368368227000	82,7751196172249
voronoiNoise_1_Diagram_600	0,379994904472400	0,177004571300000	86,6028708133971
voronoiNoise_1_Diagram_700	0,399927477698350	0,161379864840000	88,5167464114833
voronoiNoise_20_Diagram_001	0,0834548782287850	0,500931858782000	28,1323877068558
voronoiNoise_20_Diagram_002	0,101950309268985	0,502574738689000	38,9150943396226
voronoiNoise_20_Diagram_003	0,167275544838500	0,429864355276000	41,7452830188679
voronoiNoise_20_Diagram_004	0,166625475173750	0,425653066268000	43,9429928741093
voronoiNoise_20_Diagram_005	0,146225963107850	0,499286140088000	46,6666666666667
voronoiNoise_20_Diagram_006	0,125633679660250	0,488649319468000	49,0476190476190
voronoiNoise_20_Diagram_007	0,137770320090250	0,493762968663000	47,4940334128878
voronoiNoise_20_Diagram_008	0,189106228413500	0,418448688106000	49,7619047619048
voronoiNoise_20_Diagram_009	0,193287849902150	0,416928800663000	50,4761904761905
voronoiNoise_20_Diagram_010	0,229535054096250	0,358234317688000	52,1428571428571
voronoiNoise_20_Diagram_011	0,245549412783150	0,343938063598000	52,6190476190476
voronoiNoise_20_Diagram_012	0,229881160998800	0,359069021095000	53,5714285714286
voronoiNoise_20_Diagram_013	0,249795998570250	0,337026542750000	54,0476190476190
voronoiNoise_20_Diagram_014	0,212821967175100	0,395903366087000	55,4761904761905
voronoiNoise_20_Diagram_015	0,215960798025800	0,392895132097000	55,9523809523810
voronoiNoise_20_Diagram_016	0,237990851760550	0,351802763025000	56,2945368171021
voronoiNoise_20_Diagram_017	0,256179121608300	0,334154738314000	57,0071258907363
voronoiNoise_20_Diagram_018	0,209561887593400	0,393863433229000	56,5320665083135
voronoiNoise_20_Diagram_019	0,271274273836000	0,310336805812000	56,7695961995249
voronoiNoise_20_Diagram_020	0,220133892293050	0,376555476262000	56,9047619047619
voronoiNoise_20_Diagram_030	0,287537711090400	0,299433681956000	60,4761904761905
voronoiNoise_20_Diagram_040	0,295014246936450	0,289714293295000	63,5714285714286
voronoiNoise_20_Diagram_050	0,260224376906650	0,341832372263000	67,1428571428571
voronoiNoise_20_Diagram_060	0,269769574735450	0,326108443924000	69,2124105011933
voronoiNoise_20_Diagram_070	0,341775823632850	0,234826325419000	75,6563245823389
voronoiNoise_20_Diagram_080	0,345894360717550	0,229351722284000	73,7470167064439
voronoiNoise_20_Diagram_090	0,305688937633550	0,280890024193000	77,0883054892602
voronoiNoise_20_Diagram_100	0,333156368987300	0,244090800318000	79,2362768496420
voronoiNoise_20_Diagram_200	0,364646136270100	0,204428434545000	82,7751196172249
voronoiNoise_20_Diagram_300	0,369935378580650	0,196397475862000	82,7751196172249
voronoiNoise_20_Diagram_400	0,316103278309700	0,269060826233000	84,4497607655502
voronoiNoise_20_Diagram_500	0,378913392766600	0,188853703223000	85,6459330143541
voronoiNoise_20_Diagram_600	0,331420135234900	0,250234875458000	85,8851674641148
voronoiNoise_20_Diagram_700	0,378409953016850	0,190282635337000	86,8421052631579
voronoiNoise_2_Diagram_001	0,0946818629870800	0,504478781431000	31,5165876777251
voronoiNoise_2_Diagram_002	0,150758953968450	0,436850685433000	36,5155131264917
voronoiNoise_2_Diagram_003	0,169812827805000	0,424808373184000	43,4367541766110
voronoiNoise_2_Diagram_004	0,184685733632050	0,423718690002000	44,7368421052632
voronoiNoise_2_Diagram_005	0,152186727700250	0,486832780275000	45,2153110047847
voronoiNoise_2_Diagram_006	0,152248636903000	0,481554341373000	46,1538461538462
voronoiNoise_2_Diagram_007	0,193474855157550	0,422809813289000	45,5635491606715
voronoiNoise_2_Diagram_008	0,158489083697350	0,488233203066000	48,4412470023981
voronoiNoise_2_Diagram_009	0,202652288599000	0,421618376453000	48,7980769230769
voronoiNoise_2_Diagram_010	0,255074656366700	0,324303008603000	52,5301204819277
voronoiNoise_2_Diagram_011	0,263472682974500	0,318006636673000	55,4216867469880
voronoiNoise_2_Diagram_012	0,260447266733200	0,318861108708000	53,0120481927711
voronoiNoise_2_Diagram_013	0,269001220875500	0,310131374987000	53,9759036144578
voronoiNoise_2_Diagram_014	0,275174125656850	0,305739459063000	52,5301204819277
voronoiNoise_2_Diagram_015	0,274251160921150	0,308356460789000	55,4216867469880
voronoiNoise_2_Diagram_016	0,273406328445250	0,312455839796000	55,7971014492754
voronoiNoise_2_Diagram_017	0,273406328445250	0,312455839796000	56,5217391304348
voronoiNoise_2_Diagram_018	0,276949392582300	0,304688186110000	58,4541062801932
voronoiNoise_2_Diagram_019	0,280723132018700	0,298776695156000	60,6280193236715
voronoiNoise_2_Diagram_020	0,271110922084450	0,313874644133000	60,0484261501211
voronoiNoise_2_Diagram_030	0,243960377558000	0,354493359911000	64,6489104116223
voronoiNoise_2_Diagram_040	0,299826839754850	0,281106513668000	66,3438256658596
voronoiNoise_2_Diagram_050	0,260827427720600	0,339340543755000	70,9443099273608
voronoiNoise_2_Diagram_060	0,312338612876300	0,272586484715000	73,8498789346247
voronoiNoise_2_Diagram_070	0,322384416013500	0,264088800924000	73,6077481840194
voronoiNoise_2_Diagram_080	0,307760637581550	0,274886157056000	74,8184019370460
voronoiNoise_2_Diagram_090	0,328408523086950	0,253238175540000	74,3341404358354
voronoiNoise_2_Diagram_100	0,295033663926300	0,304624763354000	79,6610169491525
voronoiNoise_2_Diagram_200	0,367088260471300	0,203487590639000	81,8840579710145
voronoiNoise_2_Diagram_300	0,358065942514400	0,218051797714000	86,2318840579710
voronoiNoise_2_Diagram_400	0,358209604353050	0,214882142192000	86,4734299516908
voronoiNoise_2_Diagram_500	0,359920787798700	0,211790300598000	85,0241545893720
voronoiNoise_2_Diagram_600	0,318142313478050	0,263287432359000	85,7487922705314
voronoiNoise_2_Diagram_700	0,352633458529000	0,212947949260000	84,2995169082126
voronoiNoise_3_Diagram_001	0,0810838221264100	0,503034887913000	26,1282660332542
voronoiNoise_3_Diagram_002	0,151415335178050	0,440157103856000	36,4508393285372
voronoiNoise_3_Diagram_003	0,153340105697800	0,450478161968000	42,8915662650602
voronoiNoise_3_Diagram_004	0,140511001556050	0,485715003856000	46,9879518072289
voronoiNoise_3_Diagram_005	0,135458894703100	0,480056222573000	50,8474576271186
voronoiNoise_3_Diagram_006	0,151799680008850	0,476596515245000	51,4563106796117
voronoiNoise_3_Diagram_007	0,162965227253900	0,470184576650000	51,0895883777240
voronoiNoise_3_Diagram_008	0,157558954449450	0,475496913214000	53,0266343825666
voronoiNoise_3_Diagram_009	0,199633593641500	0,409914228175000	54,7215496368039
voronoiNoise_3_Diagram_010	0,214352720212100	0,405991720259000	55,0724637681159
voronoiNoise_3_Diagram_011	0,216822927011600	0,394991677179000	56,2801932367150
voronoiNoise_3_Diagram_012	0,238215127791500	0,371904966237000	58,6956521739131
voronoiNoise_3_Diagram_013	0,238507037742100	0,371608766754000	57,7294685990338
voronoiNoise_3_Diagram_014	0,183582721143400	0,456150534869000	61,1111111111111
voronoiNoise_3_Diagram_015	0,235542976070850	0,386025856177000	61,1111111111111
voronoiNoise_3_Diagram_016	0,268213423597300	0,319363921314000	58,4541062801932
voronoiNoise_3_Diagram_017	0,275352489366150	0,314836011283000	60,1449275362319
voronoiNoise_3_Diagram_018	0,236121087782000	0,371080231654000	60,6280193236715
voronoiNoise_3_Diagram_019	0,225787359988750	0,375671521886000	61,3526570048309
voronoiNoise_3_Diagram_020	0,287135527309950	0,303075136243000	62,0772946859903
voronoiNoise_3_Diagram_030	0,258371448485350	0,346550839356000	69,3975903614458
voronoiNoise_3_Diagram_040	0,289964026318250	0,326169963221000	72,0481927710844
voronoiNoise_3_Diagram_050	0,325368502158000	0,260882344548000	73,9759036144578
voronoiNoise_3_Diagram_060	0,302277348946850	0,279335790883000	74,4578313253012
voronoiNoise_3_Diagram_070	0,324772300108000	0,257981128831000	73,4939759036145
voronoiNoise_3_Diagram_080	0,275546172124550	0,334981092401000	74,2168674698795
voronoiNoise_3_Diagram_090	0,319622003178850	0,273830840277000	75,9036144578313
voronoiNoise_3_Diagram_100	0,322921560877300	0,271462429789000	76,3855421686747
voronoiNoise_3_Diagram_200	0,342877641792050	0,235792078642000	81,9277108433735
voronoiNoise_3_Diagram_300	0,376899849937100	0,188688318556000	86,5060240963855
voronoiNoise_3_Diagram_400	0,400772388010950	0,162510709699000	87,9518072289157
voronoiNoise_3_Diagram_500	0,396997373763100	0,164310448632000	86,7469879518072
voronoiNoise_3_Diagram_600	0,402206157536250	0,162316697029000	87,4698795180723
voronoiNoise_3_Diagram_700	0,395262273601650	0,169807983602000	86,9879518072289
voronoiNoise_4_Diagram_001	0,0988290111705050	0,514190503193000	26,4150943396226
voronoiNoise_4_Diagram_002	0,118984814390450	0,505112634292000	35,5294117647059
voronoiNoise_4_Diagram_003	0,169325629693650	0,434169926917000	40,3301886792453
voronoiNoise_4_Diagram_004	0,183830289010900	0,423143458551000	42,5178147268409
voronoiNoise_4_Diagram_005	0,149608461690450	0,488931910414000	45,6057007125891
voronoiNoise_4_Diagram_006	0,189771533044200	0,424700254487000	48,6935866983373
voronoiNoise_4_Diagram_007	0,234314849619450	0,350987455025000	49,6437054631829
voronoiNoise_4_Diagram_008	0,211887171320400	0,389053413101000	49,1686460807601
voronoiNoise_4_Diagram_009	0,205174142468650	0,398081363982000	50,8313539192399
voronoiNoise_4_Diagram_010	0,207570077446250	0,391943891602000	53,3333333333333
voronoiNoise_4_Diagram_011	0,261391480296950	0,321586641305000	54,5238095238095
voronoiNoise_4_Diagram_012	0,218775029776550	0,399176328454000	54,2857142857143
voronoiNoise_4_Diagram_013	0,236445819940200	0,404784994805000	55,4761904761905
voronoiNoise_4_Diagram_014	0,283608032311850	0,303889656826000	58,5714285714286
voronoiNoise_4_Diagram_015	0,285551622660300	0,301374513636000	59,0476190476191
voronoiNoise_4_Diagram_016	0,256260755045200	0,345383444394000	59,2857142857143
voronoiNoise_4_Diagram_017	0,278019590984550	0,316289216959000	59,7619047619048
voronoiNoise_4_Diagram_018	0,283851477068850	0,311697577323000	60,2380952380952
voronoiNoise_4_Diagram_019	0,282266643367400	0,310859113569000	60,4761904761905
voronoiNoise_4_Diagram_020	0,233111754743550	0,376594013755000	60,7142857142857
voronoiNoise_4_Diagram_030	0,295227727070550	0,287925819134000	63,0952380952381
voronoiNoise_4_Diagram_040	0,302379060948900	0,281433114917000	72,8571428571429
voronoiNoise_4_Diagram_050	0,272613622222750	0,320422128834000	71,5990453460621
voronoiNoise_4_Diagram_060	0,292434723402950	0,309361749895000	78,0429594272076
voronoiNoise_4_Diagram_070	0,284446728786300	0,314027801041000	75,6563245823389
voronoiNoise_4_Diagram_080	0,318261259139950	0,262997277943000	74,7016706443914
voronoiNoise_4_Diagram_090	0,343290605372050	0,240789593253000	76,1336515513127
voronoiNoise_4_Diagram_100	0,337447823023100	0,245374488796000	77,5656324582339
voronoiNoise_4_Diagram_200	0,359386592196850	0,216864790868000	80,6220095693780
voronoiNoise_4_Diagram_300	0,373193398976250	0,201070426707000	82,0574162679426
voronoiNoise_4_Diagram_400	0,371473761934900	0,182526424060000	83,0143540669857
voronoiNoise_4_Diagram_500	0,391983537314200	0,163006880963000	86,6028708133971
voronoiNoise_4_Diagram_600	0,409940377541100	0,149567833946000	86,4285714285714
voronoiNoise_4_Diagram_700	0,409370897455900	0,153531048283000	87,1428571428571
voronoiNoise_5_Diagram_001	0,0944117599084800	0,495236562937000	30,1886792452830
voronoiNoise_5_Diagram_002	0,125673730859950	0,457739940744000	37,0546318289786
voronoiNoise_5_Diagram_003	0,168182946356200	0,429123149307000	39,9049881235154
voronoiNoise_5_Diagram_004	0,151336714930450	0,498111447381000	43,9140811455847
voronoiNoise_5_Diagram_005	0,157502133624500	0,482105401971000	49,1646778042959
voronoiNoise_5_Diagram_006	0,142450588363300	0,469688768491000	53,2219570405728
voronoiNoise_5_Diagram_007	0,162078701163050	0,478013269477000	53,1100478468900
voronoiNoise_5_Diagram_008	0,200993974273650	0,413097280570000	49,5215311004785
voronoiNoise_5_Diagram_009	0,164278031706550	0,475846896383000	52,8708133971292
voronoiNoise_5_Diagram_010	0,167208702714900	0,475731086437000	55,2631578947369
voronoiNoise_5_Diagram_011	0,158354877970800	0,461554579675000	55,5023923444976
voronoiNoise_5_Diagram_012	0,157915353507600	0,478296040980000	55,7416267942584
voronoiNoise_5_Diagram_013	0,221613257161750	0,393866311820000	56,6985645933014
voronoiNoise_5_Diagram_014	0,172386324416350	0,464066165677000	56,8345323741007
voronoiNoise_5_Diagram_015	0,218746958611250	0,385944728283000	57,0743405275779
voronoiNoise_5_Diagram_016	0,179409516443400	0,454099340143000	56,1151079136691
voronoiNoise_5_Diagram_017	0,212960590667000	0,392743654885000	56,1151079136691
voronoiNoise_5_Diagram_018	0,175283285922100	0,458474255855000	57,0743405275779
voronoiNoise_5_Diagram_019	0,209985719121150	0,392670200663000	57,7937649880096
voronoiNoise_5_Diagram_020	0,179561080102800	0,443173649507000	57,5539568345324
voronoiNoise_5_Diagram_030	0,225548533330900	0,396646438765000	62,5899280575540
voronoiNoise_5_Diagram_040	0,269774155923050	0,325225871967000	66,4268585131894
voronoiNoise_5_Diagram_050	0,248269678557050	0,349755061052000	69,0647482014389
voronoiNoise_5_Diagram_060	0,252998078522250	0,351384720518000	69,3045563549161
voronoiNoise_5_Diagram_070	0,295280871393600	0,283316537781000	71,7026378896883
voronoiNoise_5_Diagram_080	0,276524695091650	0,317709162284000	75,5395683453237
voronoiNoise_5_Diagram_090	0,326236852543250	0,250864928965000	75,5395683453237
voronoiNoise_5_Diagram_100	0,294755469353750	0,311073460170000	76,2589928057554
voronoiNoise_5_Diagram_200	0,352578917332750	0,223742636881000	81,0551558752998
voronoiNoise_5_Diagram_300	0,365970314531600	0,205357947328000	83,7320574162680
voronoiNoise_5_Diagram_400	0,318475664421850	0,289225649963000	83,9328537170264
voronoiNoise_5_Diagram_500	0,352983545014150	0,218422799661000	84,4124700239808
voronoiNoise_5_Diagram_600	0,360208148002650	0,214108585039000	87,0503597122302
voronoiNoise_5_Diagram_700	0,360157770334350	0,211615704461000	88,2494004796163
voronoiNoise_6_Diagram_001	0,0945759161261850	0,501658836833000	28,6052009456265
voronoiNoise_6_Diagram_002	0,111565826604605	0,485737882249000	34,6793349168646
voronoiNoise_6_Diagram_003	0,169740305514900	0,423292701594000	37,3205741626794
voronoiNoise_6_Diagram_004	0,123831476253830	0,483652630135000	43,8095238095238
voronoiNoise_6_Diagram_005	0,190439777593550	0,416954946258000	46,0807600950119
voronoiNoise_6_Diagram_006	0,153086353159750	0,495345210333000	47,9809976247031
voronoiNoise_6_Diagram_007	0,145567611348800	0,491646051554000	47,6190476190476
voronoiNoise_6_Diagram_008	0,243465299125900	0,339535883381000	50,1187648456057
voronoiNoise_6_Diagram_009	0,172558925487950	0,474171461183000	49,0476190476190
voronoiNoise_6_Diagram_010	0,164400713720050	0,486147329053000	49,6437054631829
voronoiNoise_6_Diagram_011	0,205958297328250	0,413459145289000	51,9047619047619
voronoiNoise_6_Diagram_012	0,156997353695350	0,473005223378000	52,2565320665083
voronoiNoise_6_Diagram_013	0,206051702688950	0,409610970130000	55,1068883610451
voronoiNoise_6_Diagram_014	0,169918508893200	0,473011062034000	54,2857142857143
voronoiNoise_6_Diagram_015	0,255322393024100	0,324807446191000	56,1904761904762
voronoiNoise_6_Diagram_016	0,212813373463400	0,380506838322000	57,5178997613365
voronoiNoise_6_Diagram_017	0,213056652000850	0,377010683567000	57,1770334928230
voronoiNoise_6_Diagram_018	0,263206975262250	0,317424297591000	56,6985645933014
voronoiNoise_6_Diagram_019	0,261040534229650	0,322905810459000	57,6555023923445
voronoiNoise_6_Diagram_020	0,217829320001300	0,378112947877000	56,9377990430622
voronoiNoise_6_Diagram_030	0,252589663252150	0,343664490421000	58,0335731414868
voronoiNoise_6_Diagram_040	0,275837852643250	0,313621992333000	64,5083932853717
voronoiNoise_6_Diagram_050	0,298069325519100	0,290771489305000	71,4628297362110
voronoiNoise_6_Diagram_060	0,269969280757600	0,319011242590000	69,0647482014389
voronoiNoise_6_Diagram_070	0,300847878209300	0,288245786704000	69,5443645083933
voronoiNoise_6_Diagram_080	0,307935503657800	0,286089571731000	73,8609112709832
voronoiNoise_6_Diagram_090	0,321336537675750	0,264255158729000	73,3812949640288
voronoiNoise_6_Diagram_100	0,313953190358650	0,274646364279000	75,0599520383693
voronoiNoise_6_Diagram_200	0,353218941871800	0,228240378205000	81,0551558752998
voronoiNoise_6_Diagram_300	0,385473939465250	0,183463101438000	84,6522781774580
voronoiNoise_6_Diagram_400	0,371795555693950	0,194398675446000	84,1726618705036
voronoiNoise_6_Diagram_500	0,375765355972750	0,194298252828000	84,2105263157895
voronoiNoise_6_Diagram_600	0,353915885744350	0,218788504917000	85,6459330143541
voronoiNoise_6_Diagram_700	0,381356579924450	0,185395295876000	86,6028708133971
voronoiNoise_7_Diagram_001	0,0956273977189650	0,521490629112000	24,8826291079812
voronoiNoise_7_Diagram_002	0,153406538377550	0,437180050441000	35,5971896955504
voronoiNoise_7_Diagram_003	0,116935129433800	0,493969357712000	39,6713615023474
voronoiNoise_7_Diagram_004	0,173010467429800	0,422015229411000	44,4705882352941
voronoiNoise_7_Diagram_005	0,179515529224050	0,419721765726000	44,9172576832151
voronoiNoise_7_Diagram_006	0,189804218771600	0,414721236014000	48,9361702127660
voronoiNoise_7_Diagram_007	0,177533877842300	0,433434846371000	51,6587677725119
voronoiNoise_7_Diagram_008	0,201967457858950	0,411251248784000	53,5545023696682
voronoiNoise_7_Diagram_009	0,201660114716850	0,414382353232000	55,3444180522565
voronoiNoise_7_Diagram_010	0,160539833380900	0,470325806210000	56,0283687943262
voronoiNoise_7_Diagram_011	0,217644383282900	0,402787713185000	57,9196217494090
voronoiNoise_7_Diagram_012	0,173591097295650	0,464019263938000	57,2104018912530
voronoiNoise_7_Diagram_013	0,179687660079850	0,445415713840000	58,1560283687943
voronoiNoise_7_Diagram_014	0,227834566171800	0,397590127406000	59,1016548463357
voronoiNoise_7_Diagram_015	0,227786401260150	0,392522911605000	60,0472813238771
voronoiNoise_7_Diagram_016	0,261636892010150	0,330995029041000	58,6288416075650
voronoiNoise_7_Diagram_017	0,259385448987000	0,333599531738000	59,1016548463357
voronoiNoise_7_Diagram_018	0,217733113831700	0,390031885700000	59,3380614657210
voronoiNoise_7_Diagram_019	0,263532282406500	0,328570873090000	59,5744680851064
voronoiNoise_7_Diagram_020	0,266915806505250	0,324661065320000	61,4657210401891
voronoiNoise_7_Diagram_030	0,283697155983200	0,297666202197000	62,4113475177305
voronoiNoise_7_Diagram_040	0,295093554571550	0,290169685527000	65,4028436018957
voronoiNoise_7_Diagram_050	0,311146791432700	0,271294945930000	70,0712589073634
voronoiNoise_7_Diagram_060	0,307442114651350	0,276072556911000	72,4465558194774
voronoiNoise_7_Diagram_070	0,304904941673700	0,276607898190000	71,2589073634204
voronoiNoise_7_Diagram_080	0,317830977911650	0,261827422047000	72,6840855106888
voronoiNoise_7_Diagram_090	0,248833126885850	0,384175949137000	73,1591448931116
voronoiNoise_7_Diagram_100	0,322352259593300	0,252254704838000	73,3966745843230
voronoiNoise_7_Diagram_200	0,361872738632050	0,208845863618000	81,7102137767221
voronoiNoise_7_Diagram_300	0,379251434048400	0,190242863516000	84,8341232227488
voronoiNoise_7_Diagram_400	0,375115272075750	0,191041309684000	83,1753554502370
voronoiNoise_7_Diagram_500	0,373632439776900	0,191315935538000	84,5971563981043
voronoiNoise_7_Diagram_600	0,382731718969400	0,179587828572000	85,3080568720379
voronoiNoise_7_Diagram_700	0,333642200368250	0,247556156937000	84,8341232227488
voronoiNoise_8_Diagram_001	0,0933339858803550	0,513378993693000	28,0092592592593
voronoiNoise_8_Diagram_002	0,117239767401085	0,497763832721000	40,0932400932401
voronoiNoise_8_Diagram_003	0,177588771683750	0,427229698394000	45,6470588235294
voronoiNoise_8_Diagram_004	0,155582548320800	0,444153133672000	46,5882352941176
voronoiNoise_8_Diagram_005	0,182053048852300	0,418013595477000	49,6453900709220
voronoiNoise_8_Diagram_006	0,196473046902200	0,416332442555000	50
voronoiNoise_8_Diagram_007	0,197250367137200	0,415616519373000	52,7315914489311
voronoiNoise_8_Diagram_008	0,163980135505850	0,472900371309000	54,1567695961995
voronoiNoise_8_Diagram_009	0,165176287005050	0,462484716404000	55,8194774346793
voronoiNoise_8_Diagram_010	0,208254471743450	0,401851683530000	57,2446555819478
voronoiNoise_8_Diagram_011	0,216842432455350	0,403456518615000	58,4323040380047
voronoiNoise_8_Diagram_012	0,212299809065150	0,406021999880000	58,1947743467934
voronoiNoise_8_Diagram_013	0,244586727259500	0,346968762182000	59,5238095238095
voronoiNoise_8_Diagram_014	0,258753729776300	0,339491502764000	59,5238095238095
voronoiNoise_8_Diagram_015	0,185839887252700	0,474703591961000	61,3365155131265
voronoiNoise_8_Diagram_016	0,173459051589500	0,472112306561000	61,5751789976134
voronoiNoise_8_Diagram_017	0,179932662690350	0,468683882101000	63,2458233890215
voronoiNoise_8_Diagram_018	0,191587338662950	0,455596439407000	63,2458233890215
voronoiNoise_8_Diagram_019	0,263309431239550	0,320000661769000	64,5238095238095
voronoiNoise_8_Diagram_020	0,223369253298550	0,387128221546000	63,4844868735084
voronoiNoise_8_Diagram_030	0,285980568836050	0,297294762531000	65,8711217183771
voronoiNoise_8_Diagram_040	0,293227323245450	0,288702406729000	70,1670644391408
voronoiNoise_8_Diagram_050	0,252495311730350	0,361827567416000	72,0095693779904
voronoiNoise_8_Diagram_060	0,220068004554200	0,413050061122000	72,4880382775120
voronoiNoise_8_Diagram_070	0,268554641550450	0,335503365887000	73,4449760765550
voronoiNoise_8_Diagram_080	0,309493418883400	0,270654341780000	73,2057416267943
voronoiNoise_8_Diagram_090	0,312596441062750	0,271532941657000	74,8803827751196
voronoiNoise_8_Diagram_100	0,273334248303150	0,334825776412000	76,5550239234450
voronoiNoise_8_Diagram_200	0,301602334345200	0,284530625552000	84,8920863309353
voronoiNoise_8_Diagram_300	0,370530098331900	0,196189455903000	84,4124700239808
voronoiNoise_8_Diagram_400	0,380376899846200	0,191828080643000	87,2901678657074
voronoiNoise_8_Diagram_500	0,327876072764250	0,260633635175000	88,4892086330935
voronoiNoise_8_Diagram_600	0,381577983363700	0,189067763441000	88,9423076923077
voronoiNoise_8_Diagram_700	0,381015164841700	0,187734622764000	89,4230769230769
voronoiNoise_9_Diagram_001	0,0959220206679800	0,510752469461000	23,6276849642005
voronoiNoise_9_Diagram_002	0,102833143095260	0,503026430126000	37,0192307692308
voronoiNoise_9_Diagram_003	0,104029280839125	0,499854149178000	41,8269230769231
voronoiNoise_9_Diagram_004	0,117117755301780	0,489860572609000	42,3076923076923
voronoiNoise_9_Diagram_005	0,137777203858550	0,493314470333000	41,8269230769231
voronoiNoise_9_Diagram_006	0,177801732900400	0,449038104012000	45,3237410071942
voronoiNoise_9_Diagram_007	0,184615031352000	0,441653516767000	46,0431654676259
voronoiNoise_9_Diagram_008	0,237302180146600	0,357042765843000	48,4337349397590
voronoiNoise_9_Diagram_009	0,194965190591700	0,415129375382000	50,6024096385542
voronoiNoise_9_Diagram_010	0,231257818973700	0,361248069162000	52,5301204819277
voronoiNoise_9_Diagram_011	0,196351858406950	0,419318989247000	53,2530120481928
voronoiNoise_9_Diagram_012	0,202536141557750	0,404144256700000	53,9759036144578
voronoiNoise_9_Diagram_013	0,252667546174000	0,331233331663000	56,3855421686747
voronoiNoise_9_Diagram_014	0,260088464844650	0,328634169910000	56,8674698795181
voronoiNoise_9_Diagram_015	0,216125773995750	0,392214525611000	58,0722891566265
voronoiNoise_9_Diagram_016	0,260229840401100	0,332541457167000	60,2409638554217
voronoiNoise_9_Diagram_017	0,222317985779700	0,388313264980000	60,9638554216868
voronoiNoise_9_Diagram_018	0,206961933888900	0,403222029034000	59,0361445783133
voronoiNoise_9_Diagram_019	0,266205857216300	0,323999443186000	61,4457831325301
voronoiNoise_9_Diagram_020	0,234303988565050	0,376428521628000	63,8554216867470
voronoiNoise_9_Diagram_030	0,263197870881850	0,335229286711000	69,0821256038647
voronoiNoise_9_Diagram_040	0,235565589246300	0,380451636464000	67,1497584541063
voronoiNoise_9_Diagram_050	0,298806880432650	0,282367588762000	69,3236714975845
voronoiNoise_9_Diagram_060	0,253562879781500	0,350823821804000	70,4600484261501
voronoiNoise_9_Diagram_070	0,306770163123950	0,277974853474000	70,7021791767555
voronoiNoise_9_Diagram_080	0,258187294122950	0,338011141502000	72,8813559322034
voronoiNoise_9_Diagram_090	0,261617911467450	0,331489571734000	74,3341404358354
voronoiNoise_9_Diagram_100	0,288296840238550	0,295411130255000	74,5145631067961
voronoiNoise_9_Diagram_200	0,373099734423950	0,191551115806000	82,7669902912621
voronoiNoise_9_Diagram_300	0,338199735871200	0,252595377436000	84,2233009708738
voronoiNoise_9_Diagram_400	0,331679836653850	0,245351016289000	85,1941747572815
voronoiNoise_9_Diagram_500	0,386974101351050	0,173750811587000	84,7087378640777
voronoiNoise_9_Diagram_600	0,397354793011600	0,155122733124000	85,6796116504854
voronoiNoise_9_Diagram_700	0,399455711425600	0,160707549115000	86,4077669902913
